1685737284804 0 49
1685737300392 0 99
1685737307854 0 99
1685737307966 0 99
1685737323793 1 149
1685737341447 1 199
1685737349361 1 199
1685737349486 1 199
1685737365722 2 249
1685737382130 2 299
1685737390018 2 299
1685737390147 2 299
1685737407185 3 349
1685737424783 3 399
1685737432549 3 399
1685737432680 3 399
1685737448872 4 449
1685737466636 4 499
1685737474759 4 499
1685737476463 4 499
1685737492881 5 549
1685737510272 5 599
1685737518109 5 599
1685737531193 5 599
1685737547250 6 649
1685737562699 6 699
1685737570116 6 699
1685737570242 6 699
1685737585420 7 749
1685737602431 7 799
1685737609946 7 799
1685737610063 7 799
1685737626468 8 849
1685737643170 8 899
1685737651032 8 899
1685737651154 8 899
1685737667342 9 949
1685737683624 9 999
1685737691687 9 999
1685737691812 9 999
1685737708739 10 1049
1685737725265 10 1099
1685737733048 10 1099
1685737733179 10 1099
1685737749921 11 1149
1685737767051 11 1199
1685737774781 11 1199
1685737774904 11 1199
1685737791875 12 1249
1685737809187 12 1299
1685737817252 12 1299
1685737820390 12 1299
1685737836788 13 1349
1685737853724 13 1399
1685737860976 13 1399
1685737861090 13 1399
1685737876388 14 1449
1685737891895 14 1499
1685737900318 14 1499
1685737900441 14 1499
1685737916680 15 1549
1685737934523 15 1599
1685737942381 15 1599
1685737942504 15 1599
1685737959434 16 1649
1685737978358 16 1699
1685737986927 16 1699
1685737987785 16 1699
1685738007965 17 1749
1685738026274 17 1799
1685738034936 17 1799
1685738035123 17 1799
1685738055791 18 1849
1685738072270 18 1899
1685738079760 18 1899
1685738079882 18 1899
1685738096673 19 1949
1685738115023 19 1999
1685738122728 19 1999
1685738122847 19 1999
1685738139061 20 2049
1685738158551 20 2099
1685738166986 20 2099
1685738168659 20 2099
1685738186564 21 2149
1685738203760 21 2199
1685738212309 21 2199
1685738212425 21 2199
1685738228744 22 2249
1685738247485 22 2299
1685738256631 22 2299
1685738258244 22 2299
1685738275706 23 2349
1685738293901 23 2399
1685738301811 23 2399
1685738302590 23 2399
1685738319936 24 2449
1685738337508 24 2499
1685738345366 24 2499
1685738358141 24 2499
1685738374744 25 2549
1685738391122 25 2599
1685738398965 25 2599
1685738400370 25 2599
1685738416699 26 2649
1685738433457 26 2699
1685738441001 26 2699
1685738441123 26 2699
1685738457360 27 2749
1685738473683 27 2799
1685738481274 27 2799
1685738481407 27 2799
1685738497211 28 2849
1685738514023 28 2899
1685738521552 28 2899
1685738521676 28 2899
1685738537497 29 2949
1685738554749 29 2999
1685738562409 29 2999
1685738562558 29 2999
1685738579941 30 3049
1685738596994 30 3099
1685738604737 30 3099
1685738604874 30 3099
1685738621717 31 3149
1685738641946 31 3199
1685738650263 31 3199
1685738651253 31 3199
1685738669509 32 3249
1685738686443 32 3299
1685738694104 32 3299
1685738695788 32 3299
1685738715295 33 3349
1685738735278 33 3399
1685738743582 33 3399
1685738752457 33 3399
1685738769245 34 3449
1685738785742 34 3499
1685738793305 34 3499
1685738793441 34 3499
1685738811829 35 3549
1685738828589 35 3599
1685738836363 35 3599
1685738838261 35 3599
1685738855385 36 3649
1685738872667 36 3699
1685738880332 36 3699
1685738882479 36 3699
1685738899110 37 3749
1685738916686 37 3799
1685738925384 37 3799
1685738944111 37 3799
1685738960394 38 3849
1685738978135 38 3899
1685738985696 38 3899
1685738987128 38 3899
1685739003014 39 3949
1685739019705 39 3999
1685739027419 39 3999
1685739036667 39 3999
1685739053657 40 4049
1685739069634 40 4099
1685739077361 40 4099
1685739077482 40 4099
1685739093593 41 4149
1685739109093 41 4199
1685739116839 41 4199
1685739116962 41 4199
1685739133150 42 4249
1685739149401 42 4299
1685739157112 42 4299
1685739157238 42 4299
1685739174241 43 4349
1685739191200 43 4399
1685739198751 43 4399
1685739198871 43 4399
1685739215315 44 4449
1685739233267 44 4499
1685739241169 44 4499
1685739250320 44 4499
1685739268022 45 4549
1685739284482 45 4599
1685739292361 45 4599
1685739300923 45 4599
1685739318679 46 4649
1685739336494 46 4699
1685739344027 46 4699
1685739344128 46 4699
1685739360782 47 4749
1685739379207 47 4799
1685739386941 47 4799
1685739387049 47 4799
1685739403766 48 4849
1685739429878 48 4899
1685739440737 48 4899
1685739441853 48 4899
1685739462122 49 4949
1685739481687 49 4999
1685739490145 49 4999
1685739490254 49 4999
1685739500825 50 5000
