1685737307966 0.3987399082517403 99
1685737349486 0.5518954521825434 199
1685737390147 0.5630952131380246 299
1685737432680 0.5708706876074584 399
1685737476463 0.5737889965950043 499
1685737531193 0.5766679893137883 599
1685737570242 0.5802565121399728 699
1685737610063 0.5779011236887164 799
1685737651154 0.5821470317613293 899
1685737691812 0.5819392956675408 999
1685737733179 0.5865024795705315 1099
1685737774904 0.5839442352696489 1199
1685737820390 0.5840191834543064 1299
1685737861090 0.5852864678357989 1399
1685737900441 0.5859760472870201 1499
1685737942504 0.5863379726054906 1599
1685737987785 0.5874212821925751 1699
1685738035123 0.5874070166251816 1799
1685738079882 0.5879092409938715 1899
1685738122847 0.5896207843856196 1999
1685738168659 0.590229511537413 2099
1685738212425 0.5894171539257775 2199
1685738258244 0.5892316332494631 2299
1685738302590 0.589263958871016 2399
1685738358141 0.5911171055548164 2499
1685738400370 0.5905181100974961 2599
1685738441123 0.5909601006802896 2699
1685738481407 0.5920103988589807 2799
1685738521676 0.5910926421874764 2899
1685738562558 0.592002322941054 2999
1685738604874 0.5920554136509653 3099
1685738651253 0.5914449726547819 3199
1685738695788 0.5933722320715981 3299
1685738752457 0.5918857850468621 3399
1685738793441 0.5922219107949667 3499
1685738838261 0.593925882286821 3599
1685738882479 0.5930415804250455 3699
1685738944111 0.62565706895473 3799
1685738987128 0.6911912466150228 3899
1685739036667 0.6936848393821801 3999
1685739077482 0.6987537127636272 4099
1685739116962 0.7003560306016746 4199
1685739157238 0.7004096837358477 4299
1685739198871 0.7018318504345409 4399
1685739250320 0.6984710933186988 4499
1685739300923 0.702484686064323 4599
1685739344128 0.7011770164783312 4699
1685739387049 0.7009182904902591 4799
1685739441853 0.7005177135962879 4899
1685739490254 0.699575069397642 4999
