1685737284804 1.0079700946807861 49
1685737300392 0.9759346842765808 99
1685737323793 0.961407482624054 149
1685737341447 0.9534446001052856 199
1685737365722 0.9501581192016602 249
1685737382130 0.9578565955162048 299
1685737407185 0.9638922214508057 349
1685737424783 0.9569171667098999 399
1685737448872 0.9489043354988098 449
1685737466636 0.9633232951164246 499
1685737492881 0.948268473148346 549
1685737510272 0.9725847840309143 599
1685737547250 0.9560005068778992 649
1685737562699 0.944525420665741 699
1685737585420 0.9510393738746643 749
1685737602431 0.951876699924469 799
1685737626468 0.9393349289894104 849
1685737643170 0.9372553825378418 899
1685737667342 0.9403545260429382 949
1685737683624 0.9529773592948914 999
1685737708739 0.9421718120574951 1049
1685737725265 0.9591429829597473 1099
1685737749921 0.9339416027069092 1149
1685737767051 0.9430859088897705 1199
1685737791875 0.9437198042869568 1249
1685737809187 0.9338334798812866 1299
1685737836788 0.942317545413971 1349
1685737853724 0.9517118334770203 1399
1685737876388 0.937852144241333 1449
1685737891895 0.9444440007209778 1499
1685737916680 0.9540729522705078 1549
1685737934523 0.9414017200469971 1599
1685737959434 0.9518585801124573 1649
1685737978358 0.9451044797897339 1699
1685738007965 0.9430361390113831 1749
1685738026274 0.9496396780014038 1799
1685738055791 0.9639406800270081 1849
1685738072270 0.9411212801933289 1899
1685738096673 0.9530411958694458 1949
1685738115023 0.9387895464897156 1999
1685738139061 0.9442077875137329 2049
1685738158551 0.9320449233055115 2099
1685738186564 0.9374122619628906 2149
1685738203760 0.9506889581680298 2199
1685738228744 0.9467042088508606 2249
1685738247485 0.9498310089111328 2299
1685738275706 0.948615312576294 2349
1685738293901 0.9363052248954773 2399
1685738319936 0.9484366774559021 2449
1685738337508 0.9513958692550659 2499
1685738374744 0.9536663293838501 2549
1685738391122 0.9343684315681458 2599
1685738416699 0.9366692900657654 2649
1685738433457 0.9524322748184204 2699
1685738457360 0.9444913268089294 2749
1685738473683 0.9395687580108643 2799
1685738497211 0.9490300416946411 2849
1685738514023 0.9321856498718262 2899
1685738537497 0.9357998371124268 2949
1685738554749 0.9425081610679626 2999
1685738579941 0.9320411086082458 3049
1685738596994 0.9503691792488098 3099
1685738621717 0.947028398513794 3149
1685738641946 0.9369996786117554 3199
1685738669509 0.9312698245048523 3249
1685738686443 0.9320483803749084 3299
1685738715295 0.9354453086853027 3349
1685738735278 0.9453214406967163 3399
1685738769245 0.953889012336731 3449
1685738785742 0.9489487409591675 3499
1685738811829 0.9493147730827332 3549
1685738828589 0.9499961733818054 3599
1685738855385 0.9320974946022034 3649
1685738872667 0.942184329032898 3699
1685738899110 0.9534551501274109 3749
1685738916686 0.9266020655632019 3799
1685738960394 0.9293125867843628 3849
1685738978135 0.929474949836731 3899
1685739003014 0.92828369140625 3949
1685739019705 0.9216530919075012 3999
1685739053657 0.933343231678009 4049
1685739069634 0.9423115253448486 4099
1685739093593 0.9271131753921509 4149
1685739109093 0.9224283695220947 4199
1685739133150 0.9223780035972595 4249
1685739149401 0.9245682954788208 4299
1685739174241 0.9227411150932312 4349
1685739191200 0.9280922412872314 4399
1685739215315 0.9329977035522461 4449
1685739233267 0.9251143336296082 4499
1685739268022 0.92060387134552 4549
1685739284482 0.9213736653327942 4599
1685739318679 0.9263853430747986 4649
1685739336494 0.9265363812446594 4699
1685739360782 0.9228449463844299 4749
1685739379207 0.9267940521240234 4799
1685739403766 0.9360455870628357 4849
1685739429878 0.9188516139984131 4899
1685739462122 0.922100305557251 4949
1685739481687 0.9217087626457214 4999
