1685737307966 0.41881837651007786 99
1685737349486 0.5571518616836224 199
1685737390147 0.5645743572629854 299
1685737432680 0.5703527465802349 399
1685737476463 0.5722970016053456 499
1685737531193 0.574550684787561 599
1685737570242 0.5764035518050585 699
1685737610063 0.5755172059034573 799
1685737651154 0.5785847905456472 899
1685737691812 0.5771742320953892 999
1685737733179 0.5801297930938507 1099
1685737774904 0.5790607406971685 1199
1685737820390 0.5785337111831916 1299
1685737861090 0.5794709067224758 1399
1685737900441 0.5809372284815433 1499
1685737942504 0.5794322229669542 1599
1685737987785 0.580646626236725 1699
1685738035123 0.5795930254204802 1799
1685738079882 0.5812011610096329 1899
1685738122847 0.5823896602142872 1999
1685738168659 0.5832581229648449 2099
1685738212425 0.5825475710656945 2199
1685738258244 0.5819309304233439 2299
1685738302590 0.582244818713409 2399
1685738358141 0.5819516162281697 2499
1685738400370 0.5815190939582385 2599
1685738441123 0.5815980284612857 2699
1685738481407 0.582729036563191 2799
1685738521676 0.5817919813661421 2899
1685738562558 0.5828821970985851 2999
1685738604874 0.5788536965799391 3099
1685738651253 0.577564391276205 3199
1685738695788 0.579824097373212 3299
1685738752457 0.5787304592654497 3399
1685738793441 0.5781073132853548 3499
1685738838261 0.5789369737818875 3599
1685738882479 0.5796823867919919 3699
1685738944111 0.6366059688982697 3799
1685738987128 0.7165855532492443 3899
1685739036667 0.7210305636754162 3999
1685739077482 0.7247465307345633 4099
1685739116962 0.7265576811518837 4199
1685739157238 0.7267046967759356 4299
1685739198871 0.7275873410788012 4399
1685739250320 0.7250553945730716 4499
1685739300923 0.7283961599751086 4599
1685739344128 0.7264792131735995 4699
1685739387049 0.7269304940925554 4799
1685739441853 0.7268534745680632 4899
1685739490254 0.7264968497251255 4999
