1685737307966 0.8755859375 99
1685737349486 0.946484375 199
1685737390147 0.95169921875 299
1685737432680 0.95400390625 399
1685737476463 0.95595703125 499
1685737531193 0.95755859375 599
1685737570242 0.9587890625 699
1685737610063 0.95806640625 799
1685737651154 0.960390625 899
1685737691812 0.95951171875 999
1685737733179 0.96138671875 1099
1685737774904 0.96119140625 1199
1685737820390 0.96015625 1299
1685737861090 0.96078125 1399
1685737900441 0.9616796875 1499
1685737942504 0.9621875 1599
1685737987785 0.96185546875 1699
1685738035123 0.96193359375 1799
1685738079882 0.96224609375 1899
1685738122847 0.9630078125 1999
1685738168659 0.9631640625 2099
1685738212425 0.96294921875 2199
1685738258244 0.961875 2299
1685738302590 0.96271484375 2399
1685738358141 0.96349609375 2499
1685738400370 0.96314453125 2599
1685738441123 0.963046875 2699
1685738481407 0.96380859375 2799
1685738521676 0.963046875 2899
1685738562558 0.9634375 2999
1685738604874 0.96310546875 3099
1685738651253 0.963359375 3199
1685738695788 0.96404296875 3299
1685738752457 0.963125 3399
1685738793441 0.9640625 3499
1685738838261 0.9651171875 3599
1685738882479 0.9646484375 3699
1685738944111 0.96826171875 3799
1685738987128 0.97576171875 3899
1685739036667 0.97619140625 3999
1685739077482 0.9771875 4099
1685739116962 0.97732421875 4199
1685739157238 0.97748046875 4299
1685739198871 0.97833984375 4399
1685739250320 0.9771875 4499
1685739300923 0.97806640625 4599
1685739344128 0.978046875 4699
1685739387049 0.97828125 4799
1685739441853 0.978125 4899
1685739490254 0.97751953125 4999
