1685737307966 1.0325748920440674 99
1685737349486 0.9604191780090332 199
1685737390147 0.9545438885688782 299
1685737432680 0.9518955945968628 399
1685737476463 0.949825644493103 499
1685737531193 0.9478975534439087 599
1685737570242 0.946800947189331 699
1685737610063 0.9470381736755371 799
1685737651154 0.9448380470275879 899
1685737691812 0.9455862641334534 999
1685737733179 0.9438323378562927 1099
1685737774904 0.9439182281494141 1199
1685737820390 0.9447746872901917 1299
1685737861090 0.944337785243988 1399
1685737900441 0.9433228969573975 1499
1685737942504 0.9428324699401855 1599
1685737987785 0.9432512521743774 1699
1685738035123 0.9429921507835388 1799
1685738079882 0.9428038597106934 1899
1685738122847 0.9419790506362915 1999
1685738168659 0.9418175220489502 2099
1685738212425 0.941953718662262 2199
1685738258244 0.9431710839271545 2299
1685738302590 0.942151665687561 2399
1685738358141 0.9412624835968018 2499
1685738400370 0.9417204856872559 2599
1685738441123 0.9417893290519714 2699
1685738481407 0.941100537776947 2799
1685738521676 0.9417905211448669 2899
1685738562558 0.9414026141166687 2999
1685738604874 0.9413830041885376 3099
1685738651253 0.9412422180175781 3199
1685738695788 0.9406703114509583 3299
1685738752457 0.941551148891449 3399
1685738793441 0.9404065012931824 3499
1685738838261 0.9394504427909851 3599
1685738882479 0.9398147463798523 3699
1685738944111 0.9366533160209656 3799
1685738987128 0.9294437170028687 3899
1685739036667 0.9291219115257263 3999
1685739077482 0.9277305006980896 4099
1685739116962 0.9275412559509277 4199
1685739157238 0.9276637434959412 4299
1685739198871 0.9267275929450989 4399
1685739250320 0.9278167486190796 4499
1685739300923 0.9268705248832703 4599
1685739344128 0.9268753528594971 4699
1685739387049 0.9266881346702576 4799
1685739441853 0.9268384575843811 4899
1685739490254 0.9272757172584534 4999
