1685737307966 0.5628257435068378 99
1685737349486 0.9387676941614812 199
1685737390147 0.9441234982553862 299
1685737432680 0.9502133456300482 399
1685737476463 0.9517045270909888 499
1685737531193 0.9544135396150907 599
1685737570242 0.9546098860914372 699
1685737610063 0.9555967717644007 799
1685737651154 0.958673077545242 899
1685737691812 0.9544079163824678 999
1685737733179 0.9566788796187783 1099
1685737774904 0.9572625354959148 1199
1685737820390 0.9554551705538117 1299
1685737861090 0.9565061884992613 1399
1685737900441 0.9602158869769203 1499
1685737942504 0.9547015986671271 1599
1685737987785 0.9569010827635696 1699
1685738035123 0.9535652958066279 1799
1685738079882 0.9579965918224239 1899
1685738122847 0.9590590396875265 1999
1685738168659 0.9609720856807558 2099
1685738212425 0.9599037956773576 2199
1685738258244 0.9582276515122756 2299
1685738302590 0.9591657676034447 2399
1685738358141 0.9553923456609846 2499
1685738400370 0.9548594578418238 2599
1685738441123 0.9544048055160536 2699
1685738481407 0.9565353108212341 2799
1685738521676 0.9548837195225955 2899
1685738562558 0.9568891543486875 2999
1685738604874 0.9438176955287166 3099
1685738651253 0.9406390284075755 3199
1685738695788 0.9448661170922099 3299
1685738752457 0.9436482470753195 3399
1685738793441 0.9412004386646083 3499
1685738838261 0.9414197544500654 3599
1685738882479 0.9449337201163107 3699
1685738944111 0.9476076340343469 3799
1685738987128 0.962923962460301 3899
1685739036667 0.9706406964124609 3999
1685739077482 0.9695927640857767 4099
1685739116962 0.971370934922728 4199
1685739157238 0.9720193643442439 4299
1685739198871 0.972337564164004 4399
1685739250320 0.9740046207118795 4499
1685739300923 0.9743281856866893 4599
1685739344128 0.9726620853580108 4699
1685739387049 0.9733665159195393 4799
1685739441853 0.9748836825950655 4899
1685739490254 0.9752949744847079 4999
