1685734918732 0 49
1685734935494 0 99
1685734943713 0 99
1685734943886 0 99
1685734960196 1 149
1685734979191 1 199
1685734988607 1 199
1685734988731 1 199
1685735006946 2 249
1685735024189 2 299
1685735032107 2 299
1685735032228 2 299
1685735049002 3 349
1685735065180 3 399
1685735073470 3 399
1685735076426 3 399
1685735096258 4 449
1685735113319 4 499
1685735121712 4 499
1685735134706 4 499
1685735153739 5 549
1685735170842 5 599
1685735178922 5 599
1685735179047 5 599
1685735195574 6 649
1685735213642 6 699
1685735221590 6 699
1685735221723 6 699
1685735239900 7 749
1685735257374 7 799
1685735265946 7 799
1685735266147 7 799
1685735285215 8 849
1685735302807 8 899
1685735310910 8 899
1685735315153 8 899
1685735332522 9 949
1685735349574 9 999
1685735357818 9 999
1685735359927 9 999
1685735376710 10 1049
1685735393548 10 1099
1685735401788 10 1099
1685735403287 10 1099
1685735421074 11 1149
1685735437929 11 1199
1685735446176 11 1199
1685735446301 11 1199
1685735462625 12 1249
1685735479061 12 1299
1685735486635 12 1299
1685735486769 12 1299
1685735503123 13 1349
1685735519573 13 1399
1685735527384 13 1399
1685735527509 13 1399
1685735545589 14 1449
1685735563997 14 1499
1685735574214 14 1499
1685735575061 14 1499
1685735593202 15 1549
1685735610739 15 1599
1685735618718 15 1599
1685735625768 15 1599
1685735643508 16 1649
1685735660283 16 1699
1685735667951 16 1699
1685735668090 16 1699
1685735684808 17 1749
1685735701215 17 1799
1685735708861 17 1799
1685735710553 17 1799
1685735726998 18 1849
1685735744070 18 1899
1685735751701 18 1899
1685735751837 18 1899
1685735769794 19 1949
1685735786058 19 1999
1685735793639 19 1999
1685735793783 19 1999
1685735809950 20 2049
1685735826035 20 2099
1685735833735 20 2099
1685735833885 20 2099
1685735850477 21 2149
1685735869610 21 2199
1685735880464 21 2199
1685735891015 21 2199
1685735908273 22 2249
1685735925034 22 2299
1685735933771 22 2299
1685735933891 22 2299
1685735950608 23 2349
1685735966428 23 2399
1685735973883 23 2399
1685735974006 23 2399
1685735990014 24 2449
1685736006370 24 2499
1685736013994 24 2499
1685736014135 24 2499
1685736024096 25 2500
