1685734943886 0.4838467521558356 99
1685734988731 0.9414025848858771 199
1685735032228 0.9503777705902792 299
1685735076426 0.9544232033349592 399
1685735134706 0.9553215102217688 499
1685735179047 0.9560763724872102 599
1685735221723 0.9548588770412367 699
1685735266147 0.9562201708356826 799
1685735315153 0.9576667756854089 899
1685735359927 0.9558028795191027 999
1685735403287 0.9599582752226169 1099
1685735446301 0.9580562426370446 1199
1685735486769 0.9608584742916376 1299
1685735527509 0.9602145490379063 1399
1685735575061 0.9577978206186296 1499
1685735625768 0.9621309246951006 1599
1685735668090 0.9602103657973915 1699
1685735710553 0.9583528597468476 1799
1685735751837 0.9607741250634835 1899
1685735793783 0.9572157589224638 1999
1685735833885 0.9569254561614802 2099
1685735891015 0.9552877498371756 2199
1685735933891 0.9450257481871406 2299
1685735974006 0.9433599835458893 2399
1685736014135 0.9432028932739999 2499
