1685734943886 0.445745857841385 99
1685734988731 0.5553788706731401 199
1685735032228 0.5680100097109795 299
1685735076426 0.5738652795544482 399
1685735134706 0.5780542522528933 499
1685735179047 0.5803531721018317 599
1685735221723 0.5817956677492383 699
1685735266147 0.584474727270009 799
1685735315153 0.5842697546092255 899
1685735359927 0.5866614903530006 999
1685735403287 0.585632656295614 1099
1685735446301 0.5879209733106927 1199
1685735486769 0.5899128451267601 1299
1685735527509 0.5899772927805836 1399
1685735575061 0.5899944829262803 1499
1685735625768 0.5907673885583321 1599
1685735668090 0.5917746888782043 1699
1685735710553 0.5927887159604782 1799
1685735751837 0.5927254187450984 1899
1685735793783 0.5925216771945787 1999
1685735833885 0.5930384946832772 2099
1685735891015 0.5933233574708272 2199
1685735933891 0.5939821501697071 2299
1685735974006 0.5933868039610557 2399
1685736014135 0.593517998056911 2499
