1685734918732 0.9804758429527283 49
1685734935494 0.9645400643348694 99
1685734960196 0.9615831971168518 149
1685734979191 0.9502231478691101 199
1685735006946 0.946005642414093 249
1685735024189 0.9482521414756775 299
1685735049002 0.9402249455451965 349
1685735065180 0.9453708529472351 399
1685735096258 0.9493129849433899 449
1685735113319 0.9369555711746216 499
1685735153739 0.9550758004188538 549
1685735170842 0.9419799447059631 599
1685735195574 0.9508470892906189 649
1685735213642 0.9470065236091614 699
1685735239900 0.9364758729934692 749
1685735257374 0.9320099353790283 799
1685735285215 0.949472963809967 849
1685735302807 0.9398195743560791 899
1685735332522 0.9337085485458374 949
1685735349574 0.9301730990409851 999
1685735376710 0.9506865739822388 1049
1685735393548 0.9508857727050781 1099
1685735421074 0.9464358687400818 1149
1685735437929 0.9377554059028625 1199
1685735462625 0.9370076060295105 1249
1685735479061 0.9499506950378418 1299
1685735503123 0.9462206959724426 1349
1685735519573 0.9450393915176392 1399
1685735545589 0.9519710540771484 1449
1685735563997 0.9526501297950745 1499
1685735593202 0.9548688530921936 1549
1685735610739 0.9466344118118286 1599
1685735643508 0.9415332674980164 1649
1685735660283 0.9381943345069885 1699
1685735684808 0.9449524879455566 1749
1685735701215 0.952512800693512 1799
1685735726998 0.9287768602371216 1849
1685735744070 0.9423263669013977 1899
1685735769794 0.9442622065544128 1949
1685735786058 0.9478261470794678 1999
1685735809950 0.951440155506134 2049
1685735826035 0.9297682046890259 2099
1685735850477 0.9444755911827087 2149
1685735869610 0.9381552934646606 2199
1685735908273 0.9322023987770081 2249
1685735925034 0.9508392214775085 2299
1685735950608 0.9588008522987366 2349
1685735966428 0.9415984153747559 2399
1685735990014 0.9412879943847656 2449
1685736006370 0.9400267004966736 2499
