1685734943886 1.0259965658187866 99
1685734988731 0.9587794542312622 199
1685735032228 0.952589213848114 299
1685735076426 0.9491989612579346 399
1685735134706 0.9480389952659607 499
1685735179047 0.9467994570732117 599
1685735221723 0.9467526078224182 699
1685735266147 0.9448012709617615 799
1685735315153 0.9441283345222473 899
1685735359927 0.9441348910331726 999
1685735403287 0.9439665079116821 1099
1685735446301 0.9434683322906494 1199
1685735486769 0.9425695538520813 1299
1685735527509 0.9434454441070557 1399
1685735575061 0.9422208666801453 1499
1685735625768 0.9412647485733032 1599
1685735668090 0.9413743615150452 1699
1685735710553 0.9417381882667542 1799
1685735751837 0.9401114583015442 1899
1685735793783 0.94182288646698 1999
1685735833885 0.940700888633728 2099
1685735891015 0.9403861165046692 2199
1685735933891 0.9396427273750305 2299
1685735974006 0.9404691457748413 2399
1685736014135 0.9401721358299255 2499
