1685734943886 0.88318359375 99
1685734988731 0.9483984375 199
1685735032228 0.9539453125 299
1685735076426 0.9567578125 399
1685735134706 0.957890625 499
1685735179047 0.95892578125 599
1685735221723 0.9587890625 699
1685735266147 0.96064453125 799
1685735315153 0.96123046875 899
1685735359927 0.96126953125 999
1685735403287 0.9614453125 1099
1685735446301 0.96189453125 1199
1685735486769 0.9628125 1299
1685735527509 0.9617578125 1399
1685735575061 0.96298828125 1499
1685735625768 0.96384765625 1599
1685735668090 0.96380859375 1699
1685735710553 0.96345703125 1799
1685735751837 0.96501953125 1899
1685735793783 0.9631640625 1999
1685735833885 0.964296875 2099
1685735891015 0.96462890625 2199
1685735933891 0.9649609375 2299
1685735974006 0.96419921875 2399
1685736014135 0.9642578125 2499
