1685734943886 0.46160086959283764 99
1685734988731 0.5597367078245957 199
1685735032228 0.5689397578224371 299
1685735076426 0.573127454603825 399
1685735134706 0.5754997875799696 499
1685735179047 0.5769028057176502 599
1685735221723 0.5772345109879018 699
1685735266147 0.5789995079235173 799
1685735315153 0.5793330569463407 899
1685735359927 0.5799261686209699 999
1685735403287 0.5807088152894333 1099
1685735446301 0.5812378144051765 1199
1685735486769 0.5830767232635051 1299
1685735527509 0.5829173328525747 1399
1685735575061 0.5821580170021461 1499
1685735625768 0.5838864043114946 1599
1685735668090 0.5837635317775518 1699
1685735710553 0.5836774897749792 1799
1685735751837 0.5843928840410811 1899
1685735793783 0.5831750014044315 1999
1685735833885 0.5833349814721072 2099
1685735891015 0.5829578757925101 2199
1685735933891 0.5800863138652063 2299
1685735974006 0.5793131976016697 2399
1685736014135 0.5793185068253229 2499
