1685730557003 0 49
1685730565688 0 99
1685730574435 0 99
1685730574539 0 99
1685730584030 1 149
1685730593293 1 199
1685730601722 1 199
1685730601822 1 199
1685730611598 2 249
1685730620403 2 299
1685730628857 2 299
1685730628956 2 299
1685730637759 3 349
1685730645994 3 399
1685730653879 3 399
1685730653981 3 399
1685730662801 4 449
1685730671511 4 499
1685730679662 4 499
1685730679751 4 499
1685730688437 5 549
1685730697275 5 599
1685730705622 5 599
1685730705706 5 599
1685730714599 6 649
1685730723485 6 699
1685730731664 6 699
1685730731758 6 699
1685730740527 7 749
1685730749286 7 799
1685730757427 7 799
1685730757526 7 799
1685730766321 8 849
1685730775613 8 899
1685730784352 8 899
1685730784441 8 899
1685730793419 9 949
1685730802655 9 999
1685730810935 9 999
1685730811040 9 999
1685730819909 10 1049
1685730830847 10 1099
1685730841438 10 1099
1685730841535 10 1099
1685730852104 11 1149
1685730862277 11 1199
1685730871120 11 1199
1685730871211 11 1199
1685730880453 12 1249
1685730890295 12 1299
1685730899971 12 1299
1685730900088 12 1299
1685730910736 13 1349
1685730921653 13 1399
1685730932815 13 1399
1685730932946 13 1399
1685730943426 14 1449
1685730954566 14 1499
1685730967306 14 1499
1685730967415 14 1499
1685730978528 15 1549
1685730989776 15 1599
1685731000104 15 1599
1685731000220 15 1599
1685731012404 16 1649
1685731025606 16 1699
1685731035497 16 1699
1685731035607 16 1699
1685731046709 17 1749
1685731058843 17 1799
1685731068998 17 1799
1685731069097 17 1799
1685731080988 18 1849
1685731092931 18 1899
1685731102805 18 1899
1685731102924 18 1899
1685731114160 19 1949
1685731125352 19 1999
1685731135923 19 1999
1685731136078 19 1999
1685731146982 20 2049
1685731158742 20 2099
1685731169021 20 2099
1685731169143 20 2099
1685731180248 21 2149
1685731193227 21 2199
1685731204463 21 2199
1685731204596 21 2199
1685731214660 22 2249
1685731224850 22 2299
1685731235261 22 2299
1685731235359 22 2299
1685731245413 23 2349
1685731255730 23 2399
1685731265137 23 2399
1685731265245 23 2399
1685731275476 24 2449
1685731285786 24 2499
1685731295291 24 2499
1685731295397 24 2499
1685731305690 25 2549
1685731315828 25 2599
1685731325225 25 2599
1685731325330 25 2599
1685731335883 26 2649
1685731346048 26 2699
1685731356699 26 2699
1685731356808 26 2699
1685731366861 27 2749
1685731377159 27 2799
1685731386855 27 2799
1685731386951 27 2799
1685731397066 28 2849
1685731407185 28 2899
1685731416530 28 2899
1685731416622 28 2899
1685731425477 29 2949
1685731434265 29 2999
1685731442956 29 2999
1685731443043 29 2999
1685731451844 30 3049
1685731460672 30 3099
1685731469089 30 3099
1685731469168 30 3099
1685731477926 31 3149
1685731486747 31 3199
1685731495082 31 3199
1685731495161 31 3199
1685731504949 32 3249
1685731514100 32 3299
1685731523592 32 3299
1685731523689 32 3299
1685731533742 33 3349
1685731543136 33 3399
1685731552197 33 3399
1685731552280 33 3399
1685731563463 34 3400
