1685730574539 0.8546875 99
1685730601822 0.9379296875 199
1685730628956 0.94828125 299
1685730653981 0.950390625 399
1685730679751 0.9524609375 499
1685730705706 0.9515625 599
1685730731758 0.954375 699
1685730757526 0.9565234375 799
1685730784441 0.95546875 899
1685730811040 0.95609375 999
1685730841535 0.9583203125 1099
1685730871211 0.956484375 1199
1685730900088 0.958828125 1299
1685730932946 0.9573828125 1399
1685730967415 0.9580078125 1499
1685731000220 0.9598046875 1599
1685731035607 0.959765625 1699
1685731069097 0.9606640625 1799
1685731102924 0.9582421875 1899
1685731136078 0.9602734375 1999
1685731169143 0.95890625 2099
1685731204596 0.9576953125 2199
1685731235359 0.9576953125 2299
1685731265245 0.96015625 2399
1685731295397 0.9621875 2499
1685731325330 0.9597265625 2599
1685731356808 0.961015625 2699
1685731386951 0.9621875 2799
1685731416622 0.963046875 2899
1685731443043 0.960078125 2999
1685731469168 0.959296875 3099
1685731495161 0.9627734375 3199
1685731523689 0.9618359375 3299
1685731552280 0.960078125 3399
