1685730574539 0.3791397372395541 99
1685730601822 0.5392981655643492 199
1685730628956 0.5574070454573168 299
1685730653981 0.5615510897890704 399
1685730679751 0.5673039831852034 499
1685730705706 0.5661272206093833 599
1685730731758 0.5699957412594616 699
1685730757526 0.5730846346816172 799
1685730784441 0.5721213779063685 899
1685730811040 0.5723538961665442 999
1685730841535 0.575023726682692 1099
1685730871211 0.5742864688933762 1199
1685730900088 0.5754326426662691 1299
1685730932946 0.5758705344264357 1399
1685730967415 0.576666120406973 1499
1685731000220 0.5767579315968245 1599
1685731035607 0.5774501681606143 1699
1685731069097 0.5792969544616859 1799
1685731102924 0.5776748236567041 1899
1685731136078 0.5768229075147694 1999
1685731169143 0.5764662151560962 2099
1685731204596 0.5777106401965322 2199
1685731235359 0.5770895823323304 2299
1685731265245 0.5784864828928917 2399
1685731295397 0.5786208954674382 2499
1685731325330 0.5784114770471119 2599
1685731356808 0.5806468952378689 2699
1685731386951 0.580881227444617 2799
1685731416622 0.5813926223272283 2899
1685731443043 0.5785251027205535 2999
1685731469168 0.5791057746849919 3099
1685731495161 0.5812951317507512 3199
1685731523689 0.5775068667534541 3299
1685731552280 0.5798429062785726 3399
