1685730574539 0.37362616516989433 99
1685730601822 0.5261624040145991 199
1685730628956 0.5505475909581179 299
1685730653981 0.5601233708828971 399
1685730679751 0.56531681691749 499
1685730705706 0.5644716470871491 599
1685730731758 0.5710293896442635 699
1685730757526 0.573788986245378 799
1685730784441 0.5715019778912152 899
1685730811040 0.5739965940148951 999
1685730841535 0.5787081171476508 1099
1685730871211 0.5769641284972977 1199
1685730900088 0.5772629840728347 1299
1685730932946 0.578011457794053 1399
1685730967415 0.5800957366563129 1499
1685731000220 0.5788087988259683 1599
1685731035607 0.5815046481958057 1699
1685731069097 0.5838705639051885 1799
1685731102924 0.5826178313548835 1899
1685731136078 0.5804958010080055 1999
1685731169143 0.5808907882644314 2099
1685731204596 0.5822556011016405 2199
1685731235359 0.5802349026062578 2299
1685731265245 0.5828319890442285 2399
1685731295397 0.5849429632473041 2499
1685731325330 0.5847166500765179 2599
1685731356808 0.5863340387064394 2699
1685731386951 0.5852371627323854 2799
1685731416622 0.5876121451842755 2899
1685731443043 0.5823676726244222 2999
1685731469168 0.5854731823246142 3099
1685731495161 0.58610564145252 3199
1685731523689 0.5831092024573946 3299
1685731552280 0.5875850730343564 3399
