1685730574539 1.051354169845581 99
1685730601822 0.9702715873718262 199
1685730628956 0.9583257436752319 299
1685730653981 0.955579400062561 399
1685730679751 0.9535124897956848 499
1685730705706 0.9538498520851135 599
1685730731758 0.9510971307754517 699
1685730757526 0.9489347338676453 799
1685730784441 0.9501180052757263 899
1685730811040 0.9492509365081787 999
1685730841535 0.9470161199569702 1099
1685730871211 0.9482580423355103 1199
1685730900088 0.9463887214660645 1299
1685730932946 0.9476880431175232 1399
1685730967415 0.9471060037612915 1499
1685731000220 0.9452587366104126 1599
1685731035607 0.9452198147773743 1699
1685731069097 0.9445538520812988 1799
1685731102924 0.9466406106948853 1899
1685731136078 0.9446653127670288 1999
1685731169143 0.9460929036140442 2099
1685731204596 0.9473953247070312 2199
1685731235359 0.947111964225769 2299
1685731265245 0.9448663592338562 2399
1685731295397 0.9430062174797058 2499
1685731325330 0.9450711011886597 2599
1685731356808 0.9438798427581787 2699
1685731386951 0.9427663683891296 2799
1685731416622 0.9418338537216187 2899
1685731443043 0.9448192119598389 2999
1685731469168 0.9456901550292969 3099
1685731495161 0.9423044323921204 3199
1685731523689 0.9428891539573669 3299
1685731552280 0.9447964429855347 3399
