1685730574539 0.40582868774908337 99
1685730601822 0.9256152966647296 199
1685730628956 0.9421161918084847 299
1685730653981 0.9389375096614682 399
1685730679751 0.9495273525748402 499
1685730705706 0.9469946958528846 599
1685730731758 0.9486839020899778 699
1685730757526 0.9543876265930239 799
1685730784441 0.9551169922468931 899
1685730811040 0.9516672253688387 999
1685730841535 0.9525189040259324 1099
1685730871211 0.9530690756797648 1199
1685730900088 0.9564156984168463 1299
1685730932946 0.9565717142894113 1399
1685730967415 0.9557327817418653 1499
1685731000220 0.9581634300425854 1599
1685731035607 0.956049204600097 1699
1685731069097 0.9581797752279336 1799
1685731102924 0.9548620956771225 1899
1685731136078 0.9555909372940811 1999
1685731169143 0.9537857167250202 2099
1685731204596 0.9556293935672228 2199
1685731235359 0.9568988176385892 2299
1685731265245 0.9572572624317832 2399
1685731295397 0.9542660779958793 2499
1685731325330 0.9540533151295753 2599
1685731356808 0.9586584333374506 2699
1685731386951 0.9611510392950015 2799
1685731416622 0.9589875087433976 2899
1685731443043 0.95808137619566 2999
1685731469168 0.9549628706366255 3099
1685731495161 0.9611042864327878 3199
1685731523689 0.9537551596576872 3299
1685731552280 0.9540756176667496 3399
