1685730557003 0.98492431640625 49
1685730565688 0.9851922392845154 99
1685730584030 0.9724283814430237 149
1685730593293 0.9581283926963806 199
1685730611598 0.9723721146583557 249
1685730620403 0.9536253809928894 299
1685730637759 0.9412704110145569 349
1685730645994 0.9354808926582336 399
1685730662801 0.9472272396087646 449
1685730671511 0.9476167559623718 499
1685730688437 0.935835599899292 549
1685730697275 0.9330229163169861 599
1685730714599 0.9524705410003662 649
1685730723485 0.9820327162742615 699
1685730740527 0.9434629678726196 749
1685730749286 0.9654316306114197 799
1685730766321 0.9564629793167114 849
1685730775613 0.930845320224762 899
1685730793419 0.9452383518218994 949
1685730802655 0.9489654302597046 999
1685730819909 0.9534655809402466 1049
1685730830847 0.9539747834205627 1099
1685730852104 0.970069169998169 1149
1685730862277 0.9594775438308716 1199
1685730880453 0.9328899383544922 1249
1685730890295 0.9263792037963867 1299
1685730910736 0.9442495703697205 1349
1685730921653 0.9609825015068054 1399
1685730943426 0.9453703761100769 1449
1685730954566 0.9518192410469055 1499
1685730978528 0.956495463848114 1549
1685730989776 0.9594953060150146 1599
1685731012404 0.9583435654640198 1649
1685731025606 0.9318873882293701 1699
1685731046709 0.9672638773918152 1749
1685731058843 0.9425003528594971 1799
1685731080988 0.9524784684181213 1849
1685731092931 0.9830193519592285 1899
1685731114160 0.9503952264785767 1949
1685731125352 0.9487702250480652 1999
1685731146982 0.9283866882324219 2049
1685731158742 0.9573696851730347 2099
1685731180248 0.9546029567718506 2149
1685731193227 0.9488173127174377 2199
1685731214660 0.9409360289573669 2249
1685731224850 0.9583719968795776 2299
1685731245413 0.941149890422821 2349
1685731255730 0.944024920463562 2399
1685731275476 0.9450091123580933 2449
1685731285786 0.9262616038322449 2499
1685731305690 0.9192426204681396 2549
1685731315828 0.9572365283966064 2599
1685731335883 0.940414309501648 2649
1685731346048 0.9350960850715637 2699
1685731366861 0.9296542406082153 2749
1685731377159 0.9512234330177307 2799
1685731397066 0.949756383895874 2849
1685731407185 0.9412624835968018 2899
1685731425477 0.9386188387870789 2949
1685731434265 0.9450993537902832 2999
1685731451844 0.9658076763153076 3049
1685731460672 0.9562992453575134 3099
1685731477926 0.9227321743965149 3149
1685731486747 0.9728136658668518 3199
1685731504949 0.9317406415939331 3249
1685731514100 0.9247789978981018 3299
1685731533742 0.9204781651496887 3349
1685731543136 0.9595210552215576 3399
