1685729264176 0 49
1685729273142 0 99
1685729281192 0 99
1685729281312 0 99
1685729290392 1 149
1685729299234 1 199
1685729307343 1 199
1685729307458 1 199
1685729316087 2 249
1685729326169 2 299
1685729334427 2 299
1685729334538 2 299
1685729343372 3 349
1685729352797 3 399
1685729361522 3 399
1685729361643 3 399
1685729370145 4 449
1685729379152 4 499
1685729387285 4 499
1685729387398 4 499
1685729396066 5 549
1685729405623 5 599
1685729413921 5 599
1685729414033 5 599
1685729422964 6 649
1685729432123 6 699
1685729440414 6 699
1685729440523 6 699
1685729449656 7 749
1685729458540 7 799
1685729466829 7 799
1685729466941 7 799
1685729475808 8 849
1685729485163 8 899
1685729493612 8 899
1685729493714 8 899
1685729502730 9 949
1685729512397 9 999
1685729520848 9 999
1685729520961 9 999
1685729529374 10 1049
1685729537830 10 1099
1685729548378 10 1099
1685729548617 10 1099
1685729558973 11 1149
1685729568750 11 1199
1685729576990 11 1199
1685729577111 11 1199
1685729586420 12 1249
1685729595399 12 1299
1685729603688 12 1299
1685729603804 12 1299
1685729612908 13 1349
1685729621797 13 1399
1685729631292 13 1399
1685729631414 13 1399
1685729640436 14 1449
1685729649447 14 1499
1685729657859 14 1499
1685729658614 14 1499
1685729667759 15 1549
1685729676539 15 1599
1685729684693 15 1599
1685729684814 15 1599
1685729693806 16 1649
1685729702587 16 1699
1685729710664 16 1699
1685729714309 16 1699
1685729723281 17 1749
1685729732087 17 1799
1685729739876 17 1799
1685729740009 17 1799
1685729749800 18 1849
1685729760709 18 1899
1685729769641 18 1899
1685729790266 18 1899
1685729798584 19 1949
1685729806868 19 1999
1685729814628 19 1999
1685729814763 19 1999
1685729824042 20 2049
1685729833868 20 2099
1685729843830 20 2099
1685729844647 20 2099
1685729854172 21 2149
1685729865594 21 2199
1685729875713 21 2199
1685729875872 21 2199
1685729885287 22 2249
1685729895309 22 2299
1685729904691 22 2299
1685729904819 22 2299
1685729913877 23 2349
1685729924135 23 2399
1685729933286 23 2399
1685729934194 23 2399
1685729944323 24 2449
1685729953264 24 2499
1685729961632 24 2499
1685729962494 24 2499
1685729971499 25 2549
1685729980571 25 2599
1685729990357 25 2599
1685729994789 25 2599
1685730004200 26 2649
1685730014886 26 2699
1685730023216 26 2699
1685730024706 26 2699
1685730034375 27 2749
1685730042971 27 2799
1685730051526 27 2799
1685730051666 27 2799
1685730061841 28 2849
1685730071149 28 2899
1685730079405 28 2899
1685730079547 28 2899
1685730090849 29 2949
1685730099931 29 2999
1685730108540 29 2999
1685730108696 29 2999
1685730118017 30 3049
1685730127027 30 3099
1685730136306 30 3099
1685730136473 30 3099
1685730145563 31 3149
1685730154705 31 3199
1685730163366 31 3199
1685730164100 31 3199
1685730172859 32 3249
1685730181617 32 3299
1685730189811 32 3299
1685730190593 32 3299
1685730199786 33 3349
1685730208588 33 3399
1685730216608 33 3399
1685730216732 33 3399
1685730225926 34 3449
1685730235818 34 3499
1685730244392 34 3499
1685730244544 34 3499
1685730253334 35 3549
1685730262531 35 3599
1685730271727 35 3599
1685730271864 35 3599
1685730280714 36 3649
1685730289698 36 3699
1685730297997 36 3699
1685730308601 36 3699
1685730318687 37 3749
1685730327972 37 3799
1685730336105 37 3799
1685730336230 37 3799
1685730345111 38 3849
1685730353880 38 3899
1685730362205 38 3899
1685730362347 38 3899
1685730371532 39 3949
1685730380373 39 3999
1685730388387 39 3999
1685730388530 39 3999
1685730397611 40 4049
1685730406629 40 4099
1685730414845 40 4099
1685730415029 40 4099
1685730424439 41 4149
1685730433984 41 4199
1685730442228 41 4199
1685730443123 41 4199
1685730452166 42 4249
1685730460934 42 4299
1685730469248 42 4299
1685730470072 42 4299
1685730479293 43 4349
1685730488696 43 4399
1685730497066 43 4399
1685730499678 43 4399
1685730510159 44 4449
1685730519578 44 4499
1685730527919 44 4499
1685730531366 44 4499
1685730543229 45 4500
