1685729281312 0.6861008490391663 99
1685729307458 0.9020255740453944 199
1685729334538 0.9187590443545177 299
1685729361643 0.9249179909974106 399
1685729387398 0.941280399732634 499
1685729414033 0.9268897683133237 599
1685729440523 0.9222183752962125 699
1685729466941 0.9429132867791079 799
1685729493714 0.9391823981503309 899
1685729520961 0.9608133184503398 999
1685729548617 0.9531650709766184 1099
1685729577111 0.9513388303370369 1199
1685729603804 0.9629516678575969 1299
1685729631414 0.9653920819523747 1399
1685729658614 0.9687244903191317 1499
1685729684814 0.9699034879485224 1599
1685729714309 0.9664732558717695 1699
1685729740009 0.9659469989802197 1799
1685729790266 0.970845227851944 1899
1685729814763 0.9732965381454616 1999
1685729844647 0.9707123828589644 2099
1685729875872 0.9719328038883973 2199
1685729904819 0.9691157047424592 2299
1685729934194 0.9700449935114093 2399
1685729962494 0.9718977783110287 2499
1685729994789 0.9663785600405805 2599
1685730024706 0.9722120527042328 2699
1685730051666 0.9684030682165711 2799
1685730079547 0.9712830464568907 2899
1685730108696 0.9712333139660524 2999
1685730136473 0.9740502483700433 3099
1685730164100 0.9747383289094407 3199
1685730190593 0.9750633631995685 3299
1685730216732 0.9721752245190325 3399
1685730244544 0.9750766737483177 3499
1685730271864 0.9698990722599296 3599
1685730308601 0.9721005357676459 3699
1685730336230 0.9735281771298254 3799
1685730362347 0.9731884346534361 3899
1685730388530 0.9742513097637482 3999
1685730415029 0.9714252208674677 4099
1685730443123 0.9712783330700918 4199
1685730470072 0.9753770625537932 4299
1685730499678 0.9723170211119311 4399
1685730531366 0.9747132123837222 4499
