1685729264176 0.9797741770744324 49
1685729273142 0.9459635615348816 99
1685729290392 0.9572943449020386 149
1685729299234 0.9527732133865356 199
1685729316087 0.9477052092552185 249
1685729326169 0.949537456035614 299
1685729343372 0.9449679255485535 349
1685729352797 0.941361665725708 399
1685729370145 0.9495816826820374 449
1685729379152 0.941190242767334 499
1685729396066 0.961667537689209 549
1685729405623 0.9877634644508362 599
1685729422964 0.9340018630027771 649
1685729432123 0.9512008428573608 699
1685729449656 0.9431675672531128 749
1685729458540 0.9257603287696838 799
1685729475808 0.9383547306060791 849
1685729485163 0.9368391036987305 899
1685729502730 0.9495840072631836 949
1685729512397 0.9435240030288696 999
1685729529374 0.93132483959198 1049
1685729537830 0.9310693144798279 1099
1685729558973 0.9337718486785889 1149
1685729568750 0.948837399482727 1199
1685729586420 0.9286278486251831 1249
1685729595399 0.9372694492340088 1299
1685729612908 0.9481226205825806 1349
1685729621797 0.9452497959136963 1399
1685729640436 0.9403614401817322 1449
1685729649447 0.9329499006271362 1499
1685729667759 0.9280067682266235 1549
1685729676539 0.9302753210067749 1599
1685729693806 0.9199844002723694 1649
1685729702587 0.936793327331543 1699
1685729723281 0.9286870956420898 1749
1685729732087 0.9428526759147644 1799
1685729749800 0.9244499802589417 1849
1685729760709 0.9493553042411804 1899
1685729798584 0.9254376292228699 1949
1685729806868 0.9177948832511902 1999
1685729824042 0.9250932931900024 2049
1685729833868 0.9246364831924438 2099
1685729854172 0.935863733291626 2149
1685729865594 0.9243555068969727 2199
1685729885287 0.9286866188049316 2249
1685729895309 0.9403230547904968 2299
1685729913877 0.9195181727409363 2349
1685729924135 0.9170820116996765 2399
1685729944323 0.9399306774139404 2449
1685729953264 0.9383515119552612 2499
1685729971499 0.9239099025726318 2549
1685729980571 0.9334055781364441 2599
1685730004200 0.9336044788360596 2649
1685730014886 0.9226136207580566 2699
1685730034375 0.9341201782226562 2749
1685730042971 0.93948894739151 2799
1685730061841 0.9330352544784546 2849
1685730071149 0.9100595712661743 2899
1685730090849 0.9480382204055786 2949
1685730099931 0.9416029453277588 2999
1685730118017 0.9223949313163757 3049
1685730127027 0.9243807196617126 3099
1685730145563 0.9487965106964111 3149
1685730154705 0.9418582320213318 3199
1685730172859 0.9282652735710144 3249
1685730181617 0.9347095489501953 3299
1685730199786 0.912691593170166 3349
1685730208588 0.9281167984008789 3399
1685730225926 0.9052637815475464 3449
1685730235818 0.9279707670211792 3499
1685730253334 0.9246311187744141 3549
1685730262531 0.921627938747406 3599
1685730280714 0.9192714691162109 3649
1685730289698 0.9179017543792725 3699
1685730318687 0.928378701210022 3749
1685730327972 0.9243627786636353 3799
1685730345111 0.9247338175773621 3849
1685730353880 0.9381337761878967 3899
1685730371532 0.9440301656723022 3949
1685730380373 0.9251146912574768 3999
1685730397611 0.9419854283332825 4049
1685730406629 0.9443520307540894 4099
1685730424439 0.9354130625724792 4149
1685730433984 0.9193843603134155 4199
1685730452166 0.9090933799743652 4249
1685730460934 0.9191792011260986 4299
1685730479293 0.9484113454818726 4349
1685730488696 0.9092230796813965 4399
1685730510159 0.9244391322135925 4449
1685730519578 0.9247632026672363 4499
