1685729281312 0.9990307092666626 99
1685729307458 0.9585874080657959 199
1685729334538 0.9524374604225159 299
1685729361643 0.9514301419258118 399
1685729387398 0.948433518409729 499
1685729414033 0.9466277956962585 599
1685729440523 0.9475910067558289 699
1685729466941 0.9465304017066956 799
1685729493714 0.9371693134307861 899
1685729520961 0.9343191385269165 999
1685729548617 0.9343774318695068 1099
1685729577111 0.9343239665031433 1199
1685729603804 0.9344432353973389 1299
1685729631414 0.9324473738670349 1399
1685729658614 0.9311578273773193 1499
1685729684814 0.9324083924293518 1599
1685729714309 0.9311389923095703 1699
1685729740009 0.9325746893882751 1799
1685729790266 0.9292285442352295 1899
1685729814763 0.9294328093528748 1999
1685729844647 0.9305708408355713 2099
1685729875872 0.9305018782615662 2199
1685729904819 0.9301446676254272 2299
1685729934194 0.9310243129730225 2399
1685729962494 0.929381251335144 2499
1685729994789 0.9294366240501404 2599
1685730024706 0.9290731549263 2699
1685730051666 0.9296112656593323 2799
1685730079547 0.9288831353187561 2899
1685730108696 0.9298478960990906 2999
1685730136473 0.9281699657440186 3099
1685730164100 0.92889004945755 3199
1685730190593 0.928393542766571 3299
1685730216732 0.9288954734802246 3399
1685730244544 0.9281167387962341 3499
1685730271864 0.9281468987464905 3599
1685730308601 0.9286556243896484 3699
1685730336230 0.9279723167419434 3799
1685730362347 0.9282587170600891 3899
1685730388530 0.9287229776382446 3999
1685730415029 0.9287329316139221 4099
1685730443123 0.9287761449813843 4199
1685730470072 0.9275131821632385 4299
1685730499678 0.9270647168159485 4399
1685730531366 0.9269329905509949 4499
