1685729281312 0.90796875 99
1685729307458 0.949140625 199
1685729334538 0.95453125 299
1685729361643 0.955390625 399
1685729387398 0.957890625 499
1685729414033 0.95984375 599
1685729440523 0.95828125 699
1685729466941 0.9592578125 799
1685729493714 0.969140625 899
1685729520961 0.971796875 999
1685729548617 0.9718359375 1099
1685729577111 0.97125 1199
1685729603804 0.97140625 1299
1685729631414 0.973203125 1399
1685729658614 0.974375 1499
1685729684814 0.97328125 1599
1685729714309 0.974375 1699
1685729740009 0.972890625 1799
1685729790266 0.9762890625 1899
1685729814763 0.9758984375 1999
1685729844647 0.9744921875 2099
1685729875872 0.9750390625 2199
1685729904819 0.9752734375 2299
1685729934194 0.9743359375 2399
1685729962494 0.975703125 2499
1685729994789 0.9757421875 2599
1685730024706 0.97625 2699
1685730051666 0.9755859375 2799
1685730079547 0.9760546875 2899
1685730108696 0.97546875 2999
1685730136473 0.9768359375 3099
1685730164100 0.9760546875 3199
1685730190593 0.9769140625 3299
1685730216732 0.976171875 3399
1685730244544 0.976953125 3499
1685730271864 0.9769140625 3599
1685730308601 0.976484375 3699
1685730336230 0.9770703125 3799
1685730362347 0.9768359375 3899
1685730388530 0.97640625 3999
1685730415029 0.9765234375 4099
1685730443123 0.9762109375 4199
1685730470072 0.977734375 4299
1685730499678 0.978046875 4399
1685730531366 0.9781640625 4499
