1685729281312 0.45950185120531595 99
1685729307458 0.5649941240182372 199
1685729334538 0.5883617114355066 299
1685729361643 0.5844492053687343 399
1685729387398 0.5956328135301805 499
1685729414033 0.5959103355638902 599
1685729440523 0.5914939101800686 699
1685729466941 0.5987047842466895 799
1685729493714 0.6713535051541512 899
1685729520961 0.6839348863753056 999
1685729548617 0.6767504573538485 1099
1685729577111 0.6795096271792874 1199
1685729603804 0.6847953831127981 1299
1685729631414 0.6869826538701965 1399
1685729658614 0.6917939502530672 1499
1685729684814 0.6819393154262651 1599
1685729714309 0.684641732122673 1699
1685729740009 0.6880331017938263 1799
1685729790266 0.6907256485197982 1899
1685729814763 0.68876707653781 1999
1685729844647 0.6905794944138751 2099
1685729875872 0.6929325282150126 2199
1685729904819 0.6956890699091113 2299
1685729934194 0.6851237719667095 2399
1685729962494 0.6905780097246549 2499
1685729994789 0.6951822385349933 2599
1685730024706 0.69482933291481 2699
1685730051666 0.6904860871056325 2799
1685730079547 0.689861123933829 2899
1685730108696 0.6871570849584454 2999
1685730136473 0.6971699645746239 3099
1685730164100 0.6881992716623915 3199
1685730190593 0.6965599093781012 3299
1685730216732 0.6880935705956954 3399
1685730244544 0.6921558705264707 3499
1685730271864 0.6948634681669897 3599
1685730308601 0.6911981519804082 3699
1685730336230 0.6981646215983813 3799
1685730362347 0.6919286480284562 3899
1685730388530 0.6955785965878742 3999
1685730415029 0.6960885101511186 4099
1685730443123 0.6927050126805548 4199
1685730470072 0.6946575159295001 4299
1685730499678 0.6905183803025612 4399
1685730531366 0.7014072586634794 4499
