1685729281312 0.49379000812492774 99
1685729307458 0.5808395731342715 199
1685729334538 0.60583246640622 299
1685729361643 0.6007897669916098 399
1685729387398 0.6152529702088539 499
1685729414033 0.6115662503809605 599
1685729440523 0.6065968031502462 699
1685729466941 0.6141245106025714 799
1685729493714 0.6986565423902005 899
1685729520961 0.7136028194758524 999
1685729548617 0.7060810743154647 1099
1685729577111 0.7066450944855599 1199
1685729603804 0.7129075075675809 1299
1685729631414 0.7152371251702108 1399
1685729658614 0.7196006297942987 1499
1685729684814 0.7116033277275312 1599
1685729714309 0.7125207498536167 1699
1685729740009 0.7156373379876941 1799
1685729790266 0.7192731495712393 1899
1685729814763 0.7175961655098673 1999
1685729844647 0.7191879761188769 2099
1685729875872 0.7208374202978151 2199
1685729904819 0.7223298847520412 2299
1685729934194 0.7131574264191454 2399
1685729962494 0.7175888742478367 2499
1685729994789 0.7212748776971849 2599
1685730024706 0.7218409023765849 2699
1685730051666 0.717493186516168 2799
1685730079547 0.7170502129203571 2899
1685730108696 0.7143989398294932 2999
1685730136473 0.7244486173341953 3099
1685730164100 0.7165048250555939 3199
1685730190593 0.7238693399638159 3299
1685730216732 0.716005155893855 3399
1685730244544 0.7198137854983757 3499
1685730271864 0.7212483816520493 3599
1685730308601 0.7187156942401863 3699
1685730336230 0.7247996191955653 3799
1685730362347 0.7187307431175188 3899
1685730388530 0.7228521808855477 3999
1685730415029 0.722010299523132 4099
1685730443123 0.7186152812986558 4199
1685730470072 0.7220165528256636 4299
1685730499678 0.7173167055687218 4399
1685730531366 0.7272732038552561 4499
