1685732557923 0 49
1685732574276 0 99
1685732582119 0 99
1685732582210 0 99
1685732598853 1 149
1685732615780 1 199
1685732624012 1 199
1685732624110 1 199
1685732641135 2 249
1685732658545 2 299
1685732666609 2 299
1685732666700 2 299
1685732683523 3 349
1685732700997 3 399
1685732709394 3 399
1685732709484 3 399
1685732726237 4 449
1685732743784 4 499
1685732752002 4 499
1685732752087 4 499
1685732768486 5 549
1685732785724 5 599
1685732793694 5 599
1685732793778 5 599
1685732810862 6 649
1685732828265 6 699
1685732836258 6 699
1685732836337 6 699
1685732853005 7 749
1685732870798 7 799
1685732879324 7 799
1685732879412 7 799
1685732896393 8 849
1685732913941 8 899
1685732923704 8 899
1685732923803 8 899
1685732941547 9 949
1685732959398 9 999
1685732967778 9 999
1685732967871 9 999
1685732984905 10 1049
1685733002821 10 1099
1685733011369 10 1099
1685733011457 10 1099
1685733029394 11 1149
1685733047988 11 1199
1685733056438 11 1199
1685733056520 11 1199
1685733073818 12 1249
1685733092548 12 1299
1685733101543 12 1299
1685733101630 12 1299
1685733119883 13 1349
1685733138108 13 1399
1685733146434 13 1399
1685733146519 13 1399
1685733165425 14 1449
1685733182763 14 1499
1685733190868 14 1499
1685733190947 14 1499
1685733208323 15 1549
1685733226413 15 1599
1685733235332 15 1599
1685733235439 15 1599
1685733254445 16 1649
1685733272772 16 1699
1685733280720 16 1699
1685733280796 16 1699
1685733298749 17 1749
1685733316760 17 1799
1685733324928 17 1799
1685733325019 17 1799
1685733342080 18 1849
1685733361227 18 1899
1685733372935 18 1899
1685733373019 18 1899
1685733390368 19 1949
1685733408933 19 1999
1685733419343 19 1999
1685733419482 19 1999
1685733440157 20 2049
1685733458186 20 2099
1685733466320 20 2099
1685733466401 20 2099
1685733485733 21 2149
1685733503408 21 2199
1685733511682 21 2199
1685733511769 21 2199
1685733529371 22 2249
1685733548321 22 2299
1685733558061 22 2299
1685733558163 22 2299
1685733576840 23 2349
1685733595005 23 2399
1685733603393 23 2399
1685733603494 23 2399
1685733622045 24 2449
1685733641127 24 2499
1685733650730 24 2499
1685733650833 24 2499
1685733670277 25 2549
1685733689635 25 2599
1685733698073 25 2599
1685733698168 25 2599
1685733716533 26 2649
1685733736401 26 2699
1685733746313 26 2699
1685733746425 26 2699
1685733766014 27 2749
1685733785658 27 2799
1685733795048 27 2799
1685733795143 27 2799
1685733813864 28 2849
1685733833676 28 2899
1685733842702 28 2899
1685733842810 28 2899
1685733862023 29 2949
1685733882016 29 2999
1685733890686 29 2999
1685733890779 29 2999
1685733911067 30 3049
1685733930145 30 3099
1685733940387 30 3099
1685733940482 30 3099
1685733958111 31 3149
1685733976180 31 3199
1685733984880 31 3199
1685733984981 31 3199
1685734003134 32 3249
1685734022533 32 3299
1685734031214 32 3299
1685734031300 32 3299
1685734049476 33 3349
1685734069004 33 3399
1685734078462 33 3399
1685734078566 33 3399
1685734100040 34 3449
1685734122846 34 3499
1685734133582 34 3499
1685734133680 34 3499
1685734152773 35 3549
1685734172265 35 3599
1685734183529 35 3599
1685734187809 35 3599
1685734206002 36 3649
1685734226182 36 3699
1685734236399 36 3699
1685734236500 36 3699
1685734254441 37 3749
1685734271850 37 3799
1685734280071 37 3799
1685734280155 37 3799
1685734297984 38 3849
1685734316128 38 3899
1685734325363 38 3899
1685734325468 38 3899
1685734343255 39 3949
1685734361847 39 3999
1685734370627 39 3999
1685734370728 39 3999
1685734388234 40 4049
1685734406945 40 4099
1685734415282 40 4099
1685734415368 40 4099
1685734434226 41 4149
1685734454429 41 4199
1685734462964 41 4199
1685734465845 41 4199
1685734483710 42 4249
1685734502402 42 4299
1685734511748 42 4299
1685734515726 42 4299
1685734534723 43 4349
1685734553132 43 4399
1685734562201 43 4399
1685734562362 43 4399
1685734582208 44 4449
1685734599990 44 4499
1685734608973 44 4499
1685734609074 44 4499
1685734628778 45 4549
1685734649669 45 4599
1685734658693 45 4599
1685734658797 45 4599
1685734679591 46 4649
1685734698455 46 4699
1685734707418 46 4699
1685734707526 46 4699
1685734728296 47 4749
1685734746799 47 4799
1685734755356 47 4799
1685734755448 47 4799
1685734773669 48 4849
1685734792168 48 4899
1685734800479 48 4899
1685734801903 48 4899
1685734821419 49 4949
1685734841306 49 4999
1685734849908 49 4999
1685734850035 49 4999
1685734861073 50 5000
