1685732582210 0.6234438518684519 99
1685732624110 0.9455631762673388 199
1685732666700 0.9564277726530581 299
1685732709484 0.9558327066418414 399
1685732752087 0.9574916358596536 499
1685732793778 0.9569053638241 599
1685732836337 0.9585807262469839 699
1685732879412 0.9603130722497362 799
1685732923803 0.9590446273297052 899
1685732967871 0.9613145371357299 999
1685733011457 0.9580856604552661 1099
1685733056520 0.9572693312484096 1199
1685733101630 0.961916174856678 1299
1685733146519 0.9583278985072212 1399
1685733190947 0.9594712551824767 1499
1685733235439 0.958742030347009 1599
1685733280796 0.9527470358893847 1699
1685733325019 0.9565250872155527 1799
1685733373019 0.9698471458537972 1899
1685733419482 0.972461144521953 1999
1685733466401 0.9680432105306374 2099
1685733511769 0.9739178157229548 2199
1685733558163 0.9718831156938724 2299
1685733603494 0.9747481423561365 2399
1685733650833 0.9736215778460122 2499
1685733698168 0.9730440853920226 2599
1685733746425 0.9714147511157911 2699
1685733795143 0.9723511445667079 2799
1685733842810 0.9723576751057144 2899
1685733890779 0.9680232734705319 2999
1685733940482 0.9684721420386089 3099
1685733984981 0.9739094502324244 3199
1685734031300 0.9703787317813714 3299
1685734078566 0.9686682232511656 3399
1685734133680 0.9624597592230536 3499
1685734187809 0.9600247800465818 3599
1685734236500 0.9713047726518363 3699
1685734280155 0.9670936172150031 3799
1685734325468 0.9677490425789836 3899
1685734370728 0.9674699519486996 3999
1685734415368 0.9689846755782339 4099
1685734465845 0.9678629650311835 4199
1685734515726 0.9719095711278423 4299
1685734562362 0.969115016288096 4399
1685734609074 0.9700039690380458 4499
1685734658797 0.9778216243072743 4599
1685734707526 0.9718488484476175 4699
1685734755448 0.9710825599627938 4799
1685734801903 0.9719187463926918 4899
1685734850035 0.9706248746735049 4999
