1685732557923 1.0123811960220337 49
1685732574276 0.9743432402610779 99
1685732598853 0.9563674926757812 149
1685732615780 0.9518675208091736 199
1685732641135 0.9417926669120789 249
1685732658545 0.9502431750297546 299
1685732683523 0.9574168920516968 349
1685732700997 0.9359550476074219 399
1685732726237 0.9424178600311279 449
1685732743784 0.9584968686103821 499
1685732768486 0.9430845379829407 549
1685732785724 0.9542670845985413 599
1685732810862 0.9349167943000793 649
1685732828265 0.9513276815414429 699
1685732853005 0.9422140717506409 749
1685732870798 0.9568438529968262 799
1685732896393 0.9393515586853027 849
1685732913941 0.9432553648948669 899
1685732941547 0.9366440773010254 949
1685732959398 0.9401485919952393 999
1685732984905 0.9485580921173096 1049
1685733002821 0.9458816647529602 1099
1685733029394 0.9340556263923645 1149
1685733047988 0.9314768314361572 1199
1685733073818 0.9543163776397705 1249
1685733092548 0.93538898229599 1299
1685733119883 0.9555225968360901 1349
1685733138108 0.949282705783844 1399
1685733165425 0.9542057514190674 1449
1685733182763 0.9392556548118591 1499
1685733208323 0.9340484142303467 1549
1685733226413 0.9344680905342102 1599
1685733254445 0.9515178203582764 1649
1685733272772 0.9200880527496338 1699
1685733298749 0.9253532290458679 1749
1685733316760 0.9251790642738342 1799
1685733342080 0.9309693574905396 1849
1685733361227 0.9235652685165405 1899
1685733390368 0.9243443608283997 1949
1685733408933 0.9464223980903625 1999
1685733440157 0.9232566356658936 2049
1685733458186 0.9332136511802673 2099
1685733485733 0.9281933903694153 2149
1685733503408 0.9332361221313477 2199
1685733529371 0.9214454293251038 2249
1685733548321 0.9290530681610107 2299
1685733576840 0.9323484897613525 2349
1685733595005 0.9309869408607483 2399
1685733622045 0.9246622323989868 2449
1685733641127 0.9300454258918762 2499
1685733670277 0.9338783621788025 2549
1685733689635 0.9214378595352173 2599
1685733716533 0.9209116101264954 2649
1685733736401 0.936289370059967 2699
1685733766014 0.9213424324989319 2749
1685733785658 0.9247092604637146 2799
1685733813864 0.9253016114234924 2849
1685733833676 0.9374018311500549 2899
1685733862023 0.9323928356170654 2949
1685733882016 0.9381778240203857 2999
1685733911067 0.9283527731895447 3049
1685733930145 0.9214878678321838 3099
1685733958111 0.923724353313446 3149
1685733976180 0.9376819729804993 3199
1685734003134 0.922317385673523 3249
1685734022533 0.9244532585144043 3299
1685734049476 0.9206387996673584 3349
1685734069004 0.9223451614379883 3399
1685734100040 0.934994101524353 3449
1685734122846 0.9290342926979065 3499
1685734152773 0.9219650626182556 3549
1685734172265 0.9251540303230286 3599
1685734206002 0.9148203134536743 3649
1685734226182 0.9244790077209473 3699
1685734254441 0.9217633008956909 3749
1685734271850 0.918419599533081 3799
1685734297984 0.9267847537994385 3849
1685734316128 0.915919840335846 3899
1685734343255 0.9238418936729431 3949
1685734361847 0.9186902642250061 3999
1685734388234 0.9204444885253906 4049
1685734406945 0.9229638576507568 4099
1685734434226 0.9220163226127625 4149
1685734454429 0.9226086139678955 4199
1685734483710 0.916269838809967 4249
1685734502402 0.9192711114883423 4299
1685734534723 0.9207946062088013 4349
1685734553132 0.930436909198761 4399
1685734582208 0.9271279573440552 4449
1685734599990 0.9270521998405457 4499
1685734628778 0.9191206097602844 4549
1685734649669 0.9093532562255859 4599
1685734679591 0.915707528591156 4649
1685734698455 0.9197319746017456 4699
1685734728296 0.9167872071266174 4749
1685734746799 0.9198485016822815 4799
1685734773669 0.921562135219574 4849
1685734792168 0.9214953184127808 4899
1685734821419 0.9164945483207703 4949
1685734841306 0.9233944416046143 4999
