1685732582210 0.4288435614443765 99
1685732624110 0.5560996309232289 199
1685732666700 0.5698286026290971 299
1685732709484 0.5723784930051041 399
1685732752087 0.5754055732397367 499
1685732793778 0.5788548443072354 599
1685732836337 0.5815866992865377 699
1685732879412 0.5838604124635773 799
1685732923803 0.5844553200735885 899
1685732967871 0.5870669685627776 999
1685733011457 0.5860568541327854 1099
1685733056520 0.5867576481859565 1199
1685733101630 0.5888017280248423 1299
1685733146519 0.5896020262616105 1399
1685733190947 0.5892447739720513 1499
1685733235439 0.5902113824329263 1599
1685733280796 0.5911900240153961 1699
1685733325019 0.653808919925285 1799
1685733373019 0.6895636264968051 1899
1685733419482 0.6890216660813124 1999
1685733466401 0.6876266989469697 2099
1685733511769 0.6911764230844111 2199
1685733558163 0.6918211233231347 2299
1685733603494 0.6920435761312757 2399
1685733650833 0.6946457599605077 2499
1685733698168 0.6919993423906731 2599
1685733746425 0.6910706189573289 2699
1685733795143 0.6954806841579024 2799
1685733842810 0.6976718280640318 2899
1685733890779 0.7010609894534958 2999
1685733940482 0.7001043937345349 3099
1685733984981 0.7021857530724451 3199
1685734031300 0.7036866176856909 3299
1685734078566 0.7008935648794323 3399
1685734133680 0.7140008150084683 3499
1685734187809 0.8036612823008396 3599
1685734236500 0.8345556334460392 3699
1685734280155 0.8479116432229752 3799
1685734325468 0.846186932275019 3899
1685734370728 0.8418267567229885 3999
1685734415368 0.8482306773183431 4099
1685734465845 0.8512532562022306 4199
1685734515726 0.8585588166871003 4299
1685734562362 0.8620978367824053 4399
1685734609074 0.8602729141405545 4499
1685734658797 0.868370844153918 4599
1685734707526 0.8598409010966321 4699
1685734755448 0.8663343761825348 4799
1685734801903 0.866956662112521 4899
1685734850035 0.8663154352714197 4999
