1685732582210 0.8901953125 99
1685732624110 0.9495703125 199
1685732666700 0.95501953125 299
1685732709484 0.95654296875 399
1685732752087 0.95740234375 499
1685732793778 0.9580078125 599
1685732836337 0.95953125 699
1685732879412 0.96005859375 799
1685732923803 0.96080078125 899
1685732967871 0.96203125 999
1685733011457 0.96146484375 1099
1685733056520 0.96125 1199
1685733101630 0.962578125 1299
1685733146519 0.96248046875 1399
1685733190947 0.96291015625 1499
1685733235439 0.96326171875 1599
1685733280796 0.9635546875 1699
1685733325019 0.9712109375 1799
1685733373019 0.975390625 1899
1685733419482 0.976640625 1999
1685733466401 0.97556640625 2099
1685733511769 0.97638671875 2199
1685733558163 0.97625 2299
1685733603494 0.97689453125 2399
1685733650833 0.9775 2499
1685733698168 0.97681640625 2599
1685733746425 0.97654296875 2699
1685733795143 0.97728515625 2799
1685733842810 0.9772265625 2899
1685733890779 0.978125 2999
1685733940482 0.97763671875 3099
1685733984981 0.97900390625 3199
1685734031300 0.97888671875 3299
1685734078566 0.97779296875 3399
1685734133680 0.978359375 3499
1685734187809 0.98142578125 3599
1685734236500 0.98291015625 3699
1685734280155 0.98359375 3799
1685734325468 0.98310546875 3899
1685734370728 0.98349609375 3999
1685734415368 0.9833984375 4099
1685734465845 0.98404296875 4199
1685734515726 0.9845703125 4299
1685734562362 0.98546875 4399
1685734609074 0.98501953125 4499
1685734658797 0.98517578125 4599
1685734707526 0.985078125 4699
1685734755448 0.98541015625 4799
1685734801903 0.98515625 4899
1685734850035 0.985 4999
