1685732582210 1.0215975046157837 99
1685732624110 0.9585427045822144 199
1685732666700 0.9519200325012207 299
1685732709484 0.9497737288475037 399
1685732752087 0.9487228989601135 499
1685732793778 0.9481937289237976 599
1685732836337 0.9463807940483093 699
1685732879412 0.945696234703064 799
1685732923803 0.9449256062507629 899
1685732967871 0.9437146782875061 999
1685733011457 0.9441590905189514 1099
1685733056520 0.9440506100654602 1199
1685733101630 0.9429044127464294 1299
1685733146519 0.9427378177642822 1399
1685733190947 0.9425078630447388 1499
1685733235439 0.942025363445282 1599
1685733280796 0.9413502216339111 1699
1685733325019 0.9343039989471436 1799
1685733373019 0.9303411245346069 1899
1685733419482 0.9289490580558777 1999
1685733466401 0.9300928711891174 2099
1685733511769 0.928997814655304 2199
1685733558163 0.929100513458252 2299
1685733603494 0.9283814430236816 2399
1685733650833 0.9278725981712341 2499
1685733698168 0.9285424947738647 2599
1685733746425 0.9285134673118591 2699
1685733795143 0.9279575347900391 2799
1685733842810 0.928027331829071 2899
1685733890779 0.9269815683364868 2999
1685733940482 0.9275053143501282 3099
1685733984981 0.9261953830718994 3199
1685734031300 0.9261930584907532 3299
1685734078566 0.9272670745849609 3399
1685734133680 0.9267663359642029 3499
1685734187809 0.924007773399353 3599
1685734236500 0.9226926565170288 3699
1685734280155 0.9219238758087158 3799
1685734325468 0.9223114848136902 3899
1685734370728 0.9218077659606934 3999
1685734415368 0.9219980835914612 4099
1685734465845 0.92127525806427 4199
1685734515726 0.9208047389984131 4299
1685734562362 0.9197983741760254 4399
1685734609074 0.9202316999435425 4499
1685734658797 0.9202839136123657 4599
1685734707526 0.920154869556427 4699
1685734755448 0.9199277758598328 4799
1685734801903 0.9200782179832458 4899
1685734850035 0.9201648235321045 4999
