1685732582210 0.43526479681815866 99
1685732624110 0.561302206635333 199
1685732666700 0.5716329912421971 299
1685732709484 0.572792228912308 399
1685732752087 0.5748314790529511 499
1685732793778 0.5764103716825358 599
1685732836337 0.578274102985405 699
1685732879412 0.5799291186867506 799
1685732923803 0.5798492031193584 899
1685732967871 0.581827583151342 999
1685733011457 0.5803457629778482 1099
1685733056520 0.5804301568360756 1199
1685733101630 0.5828719419672216 1299
1685733146519 0.5821510683926882 1399
1685733190947 0.5823320697198964 1499
1685733235439 0.5825544181204958 1599
1685733280796 0.5812223034496219 1699
1685733325019 0.6792592610595778 1799
1685733373019 0.7174679169080793 1899
1685733419482 0.7173143350626935 1999
1685733466401 0.7154611685732568 2099
1685733511769 0.7191661495548626 2199
1685733558163 0.7195419466323402 2299
1685733603494 0.7196466864633828 2399
1685733650833 0.7218930381033204 2499
1685733698168 0.719655649625186 2599
1685733746425 0.7178164528256723 2699
1685733795143 0.72218152022183 2799
1685733842810 0.7244371979193123 2899
1685733890779 0.7262856443027298 2999
1685733940482 0.7255013485002341 3099
1685733984981 0.7285559425878542 3199
1685734031300 0.7290010528485278 3299
1685734078566 0.7264779330613352 3399
1685734133680 0.750471629144106 3499
1685734187809 0.8597500100491219 3599
1685734236500 0.886106645300706 3699
1685734280155 0.8934635400156271 3799
1685734325468 0.8917525222699758 3899
1685734370728 0.8889335088147918 3999
1685734415368 0.893800038630347 4099
1685734465845 0.896722049092535 4199
1685734515726 0.9030018615644864 4299
1685734562362 0.9046325054298198 4399
1685734609074 0.9039767312911657 4499
1685734658797 0.9117702524190477 4599
1685734707526 0.9043344033993186 4699
1685734755448 0.9075757531908784 4799
1685734801903 0.908743112400438 4899
1685734850035 0.9078244751492743 4999
