1685736048635 0 49
1685736064049 0 99
1685736071740 0 99
1685736071839 0 99
1685736087806 1 149
1685736104213 1 199
1685736112214 1 199
1685736112301 1 199
1685736129062 2 249
1685736146203 2 299
1685736154512 2 299
1685736154609 2 299
1685736171128 3 349
1685736189929 3 399
1685736198053 3 399
1685736198134 3 399
1685736215397 4 449
1685736233426 4 499
1685736241514 4 499
1685736241604 4 499
1685736259577 5 549
1685736277653 5 599
1685736286068 5 599
1685736286156 5 599
1685736303045 6 649
1685736320472 6 699
1685736328514 6 699
1685736328596 6 699
1685736345911 7 749
1685736364533 7 799
1685736373068 7 799
1685736373212 7 799
1685736392269 8 849
1685736411243 8 899
1685736419406 8 899
1685736419490 8 899
1685736437618 9 949
1685736455406 9 999
1685736463694 9 999
1685736463769 9 999
1685736485637 10 1049
1685736506870 10 1099
1685736516016 10 1099
1685736516154 10 1099
1685736536350 11 1149
1685736556116 11 1199
1685736564847 11 1199
1685736564942 11 1199
1685736584078 12 1249
1685736603042 12 1299
1685736611439 12 1299
1685736611529 12 1299
1685736630239 13 1349
1685736649438 13 1399
1685736658439 13 1399
1685736659290 13 1399
1685736678590 14 1449
1685736698422 14 1499
1685736706813 14 1499
1685736706894 14 1499
1685736726053 15 1549
1685736744852 15 1599
1685736753479 15 1599
1685736753574 15 1599
1685736771937 16 1649
1685736789730 16 1699
1685736798285 16 1699
1685736798365 16 1699
1685736816348 17 1749
1685736834367 17 1799
1685736844279 17 1799
1685736844364 17 1799
1685736861767 18 1849
1685736879277 18 1899
1685736887484 18 1899
1685736887563 18 1899
1685736905725 19 1949
1685736924041 19 1999
1685736932421 19 1999
1685736932501 19 1999
1685736949794 20 2049
1685736969091 20 2099
1685736978501 20 2099
1685736978577 20 2099
1685736996203 21 2149
1685737015141 21 2199
1685737023421 21 2199
1685737023558 21 2199
1685737042120 22 2249
1685737061004 22 2299
1685737070642 22 2299
1685737070722 22 2299
1685737089326 23 2349
1685737106832 23 2399
1685737115001 23 2399
1685737115076 23 2399
1685737133019 24 2449
1685737150513 24 2499
1685737159282 24 2499
1685737159378 24 2499
1685737178153 25 2549
1685737197309 25 2599
1685737206602 25 2599
1685737206691 25 2599
1685737225853 26 2649
1685737245299 26 2699
1685737253945 26 2699
1685737254032 26 2699
1685737264269 27 2700
