1685736071839 0.89361328125 99
1685736112301 0.94623046875 199
1685736154609 0.95111328125 299
1685736198134 0.9540234375 399
1685736241604 0.9561328125 499
1685736286156 0.95748046875 599
1685736328596 0.95927734375 699
1685736373212 0.95861328125 799
1685736419490 0.95896484375 899
1685736463769 0.95955078125 999
1685736516154 0.95958984375 1099
1685736564942 0.96068359375 1199
1685736611529 0.96107421875 1299
1685736659290 0.96072265625 1399
1685736706894 0.96158203125 1499
1685736753574 0.96173828125 1599
1685736798365 0.9632421875 1699
1685736844364 0.96240234375 1799
1685736887563 0.962734375 1899
1685736932501 0.96376953125 1999
1685736978577 0.9623828125 2099
1685737023558 0.96287109375 2199
1685737070722 0.963125 2299
1685737115076 0.96318359375 2399
1685737159378 0.9636328125 2499
1685737206691 0.96322265625 2599
1685737254032 0.9642578125 2699
