1685736048635 1.0083470344543457 49
1685736064049 0.9608890414237976 99
1685736087806 0.9785904884338379 149
1685736104213 0.9476363062858582 199
1685736129062 0.9384343028068542 249
1685736146203 0.9536232352256775 299
1685736171128 0.9525538086891174 349
1685736189929 0.9576330780982971 399
1685736215397 0.9408234357833862 449
1685736233426 0.9454537630081177 499
1685736259577 0.9348632097244263 549
1685736277653 0.9454628825187683 599
1685736303045 0.9500880241394043 649
1685736320472 0.9427014589309692 699
1685736345911 0.9492663741111755 749
1685736364533 0.9594830274581909 799
1685736392269 0.9473392367362976 849
1685736411243 0.9504469633102417 899
1685736437618 0.938615083694458 949
1685736455406 0.9445677399635315 999
1685736485637 0.9512861371040344 1049
1685736506870 0.9491851925849915 1099
1685736536350 0.9411808252334595 1149
1685736556116 0.9414430856704712 1199
1685736584078 0.9452663064002991 1249
1685736603042 0.939565122127533 1299
1685736630239 0.9433741569519043 1349
1685736649438 0.9524829983711243 1399
1685736678590 0.9466021060943604 1449
1685736698422 0.9405049085617065 1499
1685736726053 0.9480165243148804 1549
1685736744852 0.9343351125717163 1599
1685736771937 0.9445428848266602 1649
1685736789730 0.9359572529792786 1699
1685736816348 0.9405933618545532 1749
1685736834367 0.9711897969245911 1799
1685736861767 0.9367324709892273 1849
1685736879277 0.9404811263084412 1899
1685736905725 0.952094316482544 1949
1685736924041 0.9473218321800232 1999
1685736949794 0.9320657253265381 2049
1685736969091 0.9475035071372986 2099
1685736996203 0.9386689066886902 2149
1685737015141 0.9367014169692993 2199
1685737042120 0.934156060218811 2249
1685737061004 0.9510646462440491 2299
1685737089326 0.9422280192375183 2349
1685737106832 0.9260314702987671 2399
1685737133019 0.9437742233276367 2449
1685737150513 0.9244476556777954 2499
1685737178153 0.9466821551322937 2549
1685737197309 0.9361665844917297 2599
1685737225853 0.9410732984542847 2649
1685737245299 0.9439660310745239 2699
