1685736071839 0.7800282471809575 99
1685736112301 0.9359269023469219 199
1685736154609 0.9445695858770535 299
1685736198134 0.9512833224726384 399
1685736241604 0.9526960702891832 499
1685736286156 0.9533151105776865 599
1685736328596 0.9566485238470062 699
1685736373212 0.9555577126753877 799
1685736419490 0.9568953666201847 899
1685736463769 0.9576095166556954 999
1685736516154 0.9571979914126335 1099
1685736564942 0.9561020659035065 1199
1685736611529 0.957326408364119 1299
1685736659290 0.9586106074651259 1399
1685736706894 0.9570234002062784 1499
1685736753574 0.9580417619105216 1599
1685736798365 0.9594635575507592 1699
1685736844364 0.960308183116782 1799
1685736887563 0.9589471504286199 1899
1685736932501 0.960672016512516 1999
1685736978577 0.9618486939176778 2099
1685737023558 0.9619876272298531 2199
1685737070722 0.9589219819706521 2299
1685737115076 0.9623648809608749 2399
1685737159378 0.9598011273701745 2499
1685737206691 0.9597389983774692 2599
1685737254032 0.9635403441272749 2699
