1685736071839 0.42283046338974606 99
1685736112301 0.5487637113594881 199
1685736154609 0.562020202715769 299
1685736198134 0.5702113551643866 399
1685736241604 0.573934999767612 499
1685736286156 0.5779479345725658 599
1685736328596 0.5805429249583556 699
1685736373212 0.5794690739259221 799
1685736419490 0.5809846504778512 899
1685736463769 0.5821708355762522 999
1685736516154 0.5826773579207373 1099
1685736564942 0.5858508638019757 1199
1685736611529 0.5846630790647346 1299
1685736659290 0.5864815134719252 1399
1685736706894 0.5864552063833951 1499
1685736753574 0.5875877800608714 1599
1685736798365 0.5886740506756972 1699
1685736844364 0.5884480920807388 1799
1685736887563 0.5897634451178122 1899
1685736932501 0.5899866862897418 1999
1685736978577 0.5909405064915872 2099
1685737023558 0.5903412156829189 2199
1685737070722 0.5905849590962226 2299
1685737115076 0.5911527029320167 2399
1685737159378 0.590705886036035 2499
1685737206691 0.590628618122208 2599
1685737254032 0.5913900205489852 2699
