1685736071839 0.43903680853170146 99
1685736112301 0.5547051794926694 199
1685736154609 0.5641608067827363 299
1685736198134 0.5703365425316058 399
1685736241604 0.5726595255739948 499
1685736286156 0.5748790396062151 599
1685736328596 0.5771806061811693 699
1685736373212 0.5763122125769287 799
1685736419490 0.57746942799434 899
1685736463769 0.5782774762111347 999
1685736516154 0.5784086443325973 1099
1685736564942 0.5796388005219819 1199
1685736611529 0.5794204503535999 1299
1685736659290 0.5807004574560259 1399
1685736706894 0.5802035618531656 1499
1685736753574 0.5810826175042287 1599
1685736798365 0.5820677926651366 1699
1685736844364 0.5821962287105598 1799
1685736887563 0.5824100840555024 1899
1685736932501 0.5830291893460833 1999
1685736978577 0.5838831675797469 2099
1685737023558 0.583645267572982 2199
1685737070722 0.58279885719505 2299
1685737115076 0.584144320123875 2399
1685737159378 0.5831293945382763 2499
1685737206691 0.5830839215863126 2599
1685737254032 0.5846404021731036 2699
