1685736071839 1.0149333477020264 99
1685736112301 0.9611870646476746 199
1685736154609 0.9554222822189331 299
1685736198134 0.9521626234054565 399
1685736241604 0.9496507048606873 499
1685736286156 0.9484398365020752 599
1685736328596 0.9461614489555359 699
1685736373212 0.9466531872749329 799
1685736419490 0.9465304017066956 899
1685736463769 0.9456162452697754 999
1685736516154 0.9456787705421448 1099
1685736564942 0.9443045258522034 1199
1685736611529 0.9441852569580078 1299
1685736659290 0.9444688558578491 1399
1685736706894 0.9436503052711487 1499
1685736753574 0.9432283043861389 1599
1685736798365 0.9418092966079712 1699
1685736844364 0.9426441192626953 1799
1685736887563 0.9422163963317871 1899
1685736932501 0.9414193034172058 1999
1685736978577 0.9426321387290955 2099
1685737023558 0.9421586394309998 2199
1685737070722 0.9419870972633362 2299
1685737115076 0.9418020844459534 2399
1685737159378 0.9413657188415527 2499
1685737206691 0.9417319297790527 2599
1685737254032 0.9406722187995911 2699
