1685728592636 0 49
1685728600727 0 99
1685728608587 0 99
1685728608713 0 99
1685728616830 1 149
1685728625562 1 199
1685728633327 1 199
1685728633425 1 199
1685728641653 2 249
1685728649897 2 299
1685728657462 2 299
1685728657548 2 299
1685728665716 3 349
1685728673749 3 399
1685728681652 3 399
1685728681745 3 399
1685728690678 4 449
1685728699048 4 499
1685728706871 4 499
1685728706974 4 499
1685728715442 5 549
1685728723677 5 599
1685728731682 5 599
1685728731777 5 599
1685728740284 6 649
1685728748894 6 699
1685728757073 6 699
1685728757168 6 699
1685728766615 7 749
1685728776365 7 799
1685728784596 7 799
1685728784689 7 799
1685728793312 8 849
1685728801902 8 899
1685728810396 8 899
1685728811294 8 899
1685728819959 9 949
1685728828521 9 999
1685728836420 9 999
1685728836510 9 999
1685728844822 10 1049
1685728853172 10 1099
1685728861163 10 1099
1685728861283 10 1099
1685728869665 11 1149
1685728878139 11 1199
1685728886430 11 1199
1685728886536 11 1199
1685728895131 12 1249
1685728904133 12 1299
1685728912291 12 1299
1685728912392 12 1299
1685728920979 13 1349
1685728929730 13 1399
1685728937699 13 1399
1685728937802 13 1399
1685728946438 14 1449
1685728957391 14 1499
1685728966028 14 1499
1685728966171 14 1499
1685728976053 15 1549
1685728986169 15 1599
1685728994937 15 1599
1685728995636 15 1599
1685729004571 16 1649
1685729014484 16 1699
1685729024657 16 1699
1685729028277 16 1699
1685729037449 17 1749
1685729047537 17 1799
1685729056559 17 1799
1685729056664 17 1799
1685729065700 18 1849
1685729074683 18 1899
1685729083542 18 1899
1685729083668 18 1899
1685729093087 19 1949
1685729102677 19 1999
1685729111935 19 1999
1685729112044 19 1999
1685729121372 20 2049
1685729130821 20 2099
1685729138710 20 2099
1685729138828 20 2099
1685729148336 21 2149
1685729157662 21 2199
1685729167031 21 2199
1685729167142 21 2199
1685729176352 22 2249
1685729185232 22 2299
1685729193901 22 2299
1685729194048 22 2299
1685729204130 23 2349
1685729213550 23 2399
1685729222094 23 2399
1685729222208 23 2399
1685729233667 24 2400
