1685728592636 0.971659243106842 49
1685728600727 0.9599075317382812 99
1685728616830 0.9742968678474426 149
1685728625562 0.9560656547546387 199
1685728641653 0.9594391584396362 249
1685728649897 0.9526808261871338 299
1685728665716 0.9609637260437012 349
1685728673749 0.9511702060699463 399
1685728690678 0.9643023014068604 449
1685728699048 0.9643455743789673 499
1685728715442 0.9437454342842102 549
1685728723677 0.9335188269615173 599
1685728740284 0.9498409628868103 649
1685728748894 0.9664421081542969 699
1685728766615 0.9458293914794922 749
1685728776365 0.9306693077087402 799
1685728793312 0.9382548332214355 849
1685728801902 0.9384692907333374 899
1685728819959 0.9483858942985535 949
1685728828521 0.9547137022018433 999
1685728844822 0.940737247467041 1049
1685728853172 0.944938063621521 1099
1685728869665 0.9425461888313293 1149
1685728878139 0.9335354566574097 1199
1685728895131 0.9506371021270752 1249
1685728904133 0.9355465173721313 1299
1685728920979 0.9546930193901062 1349
1685728929730 0.918308436870575 1399
1685728946438 0.9365147352218628 1449
1685728957391 0.9392628073692322 1499
1685728976053 0.9623703956604004 1549
1685728986169 0.9286487102508545 1599
1685729004571 0.9676111340522766 1649
1685729014484 0.9359928369522095 1699
1685729037449 0.9408669471740723 1749
1685729047537 0.9395997524261475 1799
1685729065700 0.9291660189628601 1849
1685729074683 0.929345965385437 1899
1685729093087 0.9535978436470032 1949
1685729102677 0.9622835516929626 1999
1685729121372 0.929335355758667 2049
1685729130821 0.9427319169044495 2099
1685729148336 0.9323124289512634 2149
1685729157662 0.9517802000045776 2199
1685729176352 0.9444789886474609 2249
1685729185232 0.9292733073234558 2299
1685729204130 0.9330510497093201 2349
1685729213550 0.94028240442276 2399
