1685728608713 0.5503011876856045 99
1685728633425 0.9253375895473344 199
1685728657548 0.9451624141886411 299
1685728681745 0.9418972227363241 399
1685728706974 0.949017447938172 499
1685728731777 0.9552001002818385 599
1685728757168 0.9497996819004221 699
1685728784689 0.9530618977989381 799
1685728811294 0.9595743279551455 899
1685728836510 0.9564486408856298 999
1685728861283 0.9558127458354416 1099
1685728886536 0.9612438401890723 1199
1685728912392 0.9568846806640364 1299
1685728937802 0.961306068805106 1399
1685728966171 0.955944192753762 1499
1685728995636 0.9572237437239716 1599
1685729028277 0.9595721089400845 1699
1685729056664 0.9593183501794295 1799
1685729083668 0.9594924950571052 1899
1685729112044 0.9576467134098996 1999
1685729138828 0.9571505147001513 2099
1685729167142 0.9603986737555491 2199
1685729194048 0.9579339724856388 2299
1685729222208 0.9586016628403581 2399
