1685728608713 0.37888019353099056 99
1685728633425 0.5340433945708787 199
1685728657548 0.5548429580469219 299
1685728681745 0.5648967278989188 399
1685728706974 0.5696060896065767 499
1685728731777 0.5737807500351139 599
1685728757168 0.5744521865533223 699
1685728784689 0.5780274804945742 799
1685728811294 0.5808444807874592 899
1685728836510 0.5777497862218655 999
1685728861283 0.5764172896032023 1099
1685728886536 0.5850030607494551 1199
1685728912392 0.5787460603523245 1299
1685728937802 0.5834565490603753 1399
1685728966171 0.5844359242438043 1499
1685728995636 0.584708902331751 1599
1685729028277 0.5857490789396479 1699
1685729056664 0.5869693513807615 1799
1685729083668 0.5883425093654668 1899
1685729112044 0.5872208235360021 1999
1685729138828 0.5869797591249977 2099
1685729167142 0.5899237076586393 2199
1685729194048 0.5864071318559169 2299
1685729222208 0.5887507516899418 2399
