1685728608713 1.0441652536392212 99
1685728633425 0.967652440071106 199
1685728657548 0.9581059217453003 299
1685728681745 0.9557784795761108 399
1685728706974 0.9525672197341919 499
1685728731777 0.9497705101966858 599
1685728757168 0.9511961340904236 699
1685728784689 0.9480331540107727 799
1685728811294 0.946066677570343 899
1685728836510 0.9479690790176392 999
1685728861283 0.9478713274002075 1099
1685728886536 0.9455682635307312 1199
1685728912392 0.9475089907646179 1299
1685728937802 0.9436975121498108 1399
1685728966171 0.9457793235778809 1499
1685728995636 0.9442124962806702 1599
1685729028277 0.9446052312850952 1699
1685729056664 0.9420597553253174 1799
1685729083668 0.9434587955474854 1899
1685729112044 0.9439457058906555 1999
1685729138828 0.9434813857078552 2099
1685729167142 0.9432068467140198 2199
1685729194048 0.9451602697372437 2299
1685729222208 0.9417010545730591 2399
