1685728608713 0.864921875 99
1685728633425 0.94 199
1685728657548 0.9491796875 299
1685728681745 0.9511328125 399
1685728706974 0.9540625 499
1685728731777 0.956796875 599
1685728757168 0.9549609375 699
1685728784689 0.957890625 799
1685728811294 0.959921875 899
1685728836510 0.957734375 999
1685728861283 0.957421875 1099
1685728886536 0.960625 1199
1685728912392 0.9580078125 1299
1685728937802 0.9621484375 1399
1685728966171 0.959921875 1499
1685728995636 0.96109375 1599
1685729028277 0.96078125 1699
1685729056664 0.9631640625 1799
1685729083668 0.961875 1899
1685729112044 0.961171875 1999
1685729138828 0.9618359375 2099
1685729167142 0.9623046875 2199
1685729194048 0.9601171875 2299
1685729222208 0.963515625 2399
