1685728608713 0.40253538996236926 99
1685728633425 0.5437679765016771 199
1685728657548 0.5605467206310927 299
1685728681745 0.5648249117193649 399
1685728706974 0.5693533210269093 499
1685728731777 0.5733074561575654 599
1685728757168 0.5720315970338942 699
1685728784689 0.5747965897326186 799
1685728811294 0.5782055480598295 899
1685728836510 0.575687815220619 999
1685728861283 0.57485137297406 1099
1685728886536 0.5807765051537956 1199
1685728912392 0.5763361219826362 1299
1685728937802 0.5800428074270849 1399
1685728966171 0.5788897253431838 1499
1685728995636 0.5793963062492226 1599
1685729028277 0.5806483612583977 1699
1685729056664 0.581159827759772 1799
1685729083668 0.5818861141025798 1899
1685729112044 0.5807825179349813 1999
1685729138828 0.5805204141045325 2099
1685729167142 0.5829325492195074 2199
1685729194048 0.5804807538177714 2299
1685729222208 0.5818160552417309 2399
