1685731578781 0 49
1685731587748 0 99
1685731595764 0 99
1685731595930 0 99
1685731605401 1 149
1685731613981 1 199
1685731622952 1 199
1685731625688 1 199
1685731634324 2 249
1685731642755 2 299
1685731650698 2 299
1685731650820 2 299
1685731659236 3 349
1685731667710 3 399
1685731675590 3 399
1685731675708 3 399
1685731684188 4 449
1685731692624 4 499
1685731700607 4 499
1685731700719 4 499
1685731709382 5 549
1685731718046 5 599
1685731726035 5 599
1685731726175 5 599
1685731735607 6 649
1685731745303 6 699
1685731753349 6 699
1685731753478 6 699
1685731762157 7 749
1685731770869 7 799
1685731778873 7 799
1685731778997 7 799
1685731787643 8 849
1685731796738 8 899
1685731805046 8 899
1685731807110 8 899
1685731816562 9 949
1685731825675 9 999
1685731833674 9 999
1685731833806 9 999
1685731843251 10 1049
1685731852048 10 1099
1685731860543 10 1099
1685731861412 10 1099
1685731870040 11 1149
1685731879154 11 1199
1685731887127 11 1199
1685731887246 11 1199
1685731896157 12 1249
1685731905341 12 1299
1685731913620 12 1299
1685731913740 12 1299
1685731922592 13 1349
1685731932509 13 1399
1685731941045 13 1399
1685731941170 13 1399
1685731950347 14 1449
1685731959324 14 1499
1685731967479 14 1499
1685731967601 14 1499
1685731976276 15 1549
1685731985162 15 1599
1685731993231 15 1599
1685731993343 15 1599
1685732002080 16 1649
1685732010775 16 1699
1685732018930 16 1699
1685732019055 16 1699
1685732036131 17 1749
1685732046470 17 1799
1685732056334 17 1799
1685732056463 17 1799
1685732065601 18 1849
1685732075059 18 1899
1685732085333 18 1899
1685732087343 18 1899
1685732097918 19 1949
1685732107759 19 1999
1685732116814 19 1999
1685732116942 19 1999
1685732127309 20 2049
1685732136462 20 2099
1685732144798 20 2099
1685732144931 20 2099
1685732155860 21 2149
1685732167305 21 2199
1685732176108 21 2199
1685732176250 21 2199
1685732186744 22 2249
1685732195575 22 2299
1685732204061 22 2299
1685732213434 22 2299
1685732225794 23 2349
1685732234891 23 2399
1685732242980 23 2399
1685732243117 23 2399
1685732252659 24 2449
1685732263232 24 2499
1685732272221 24 2499
1685732272345 24 2499
1685732281605 25 2549
1685732290548 25 2599
1685732299205 25 2599
1685732299334 25 2599
1685732309492 26 2649
1685732320391 26 2699
1685732328714 26 2699
1685732328844 26 2699
1685732337652 27 2749
1685732346298 27 2799
1685732354288 27 2799
1685732354402 27 2799
1685732363004 28 2849
1685732371680 28 2899
1685732379725 28 2899
1685732379853 28 2899
1685732388450 29 2949
1685732397178 29 2999
1685732405248 29 2999
1685732406753 29 2999
1685732415553 30 3049
1685732424133 30 3099
1685732432130 30 3099
1685732432255 30 3099
1685732440848 31 3149
1685732448785 31 3199
1685732456329 31 3199
1685732456441 31 3199
1685732464340 32 3249
1685732472331 32 3299
1685732480729 32 3299
1685732480842 32 3299
1685732490667 33 3300
