1685731578781 1.026909589767456 49
1685731587748 0.9800283908843994 99
1685731605401 1.0045356750488281 149
1685731613981 0.9734441637992859 199
1685731634324 0.9576526880264282 249
1685731642755 0.9475559592247009 299
1685731659236 0.9641730785369873 349
1685731667710 0.9690611362457275 399
1685731684188 0.971248209476471 449
1685731692624 0.9515153765678406 499
1685731709382 0.9772449731826782 549
1685731718046 0.9488752484321594 599
1685731735607 0.970272958278656 649
1685731745303 0.9562276005744934 699
1685731762157 0.9403581619262695 749
1685731770869 0.9573490619659424 799
1685731787643 0.9434124231338501 849
1685731796738 0.953784704208374 899
1685731816562 0.9322172403335571 949
1685731825675 0.9637841582298279 999
1685731843251 0.9447821378707886 1049
1685731852048 0.9849641919136047 1099
1685731870040 0.9483449459075928 1149
1685731879154 0.9408320188522339 1199
1685731896157 0.9187983274459839 1249
1685731905341 0.9215322732925415 1299
1685731922592 0.9353514909744263 1349
1685731932509 0.9501392841339111 1399
1685731950347 0.9445661902427673 1449
1685731959324 0.9413363933563232 1499
1685731976276 0.9596982002258301 1549
1685731985162 0.9451535940170288 1599
1685732002080 0.9440370202064514 1649
1685732010775 0.9569960236549377 1699
1685732036131 0.9721177816390991 1749
1685732046470 0.9317861199378967 1799
1685732065601 0.944144606590271 1849
1685732075059 0.9396739602088928 1899
1685732097918 0.9392228126525879 1949
1685732107759 0.937731921672821 1999
1685732127309 0.9619582295417786 2049
1685732136462 0.9374712109565735 2099
1685732155860 0.9419896006584167 2149
1685732167305 0.9339379072189331 2199
1685732186744 0.9478257894515991 2249
1685732195575 0.9290676712989807 2299
1685732225794 0.9215096831321716 2349
1685732234891 0.9282581210136414 2399
1685732252659 0.9516301155090332 2449
1685732263232 0.9586434960365295 2499
1685732281605 0.9438424110412598 2549
1685732290548 0.9448215961456299 2599
1685732309492 0.9573420286178589 2649
1685732320391 0.9407626986503601 2699
1685732337652 0.9248942136764526 2749
1685732346298 0.9361585974693298 2799
1685732363004 0.9412227272987366 2849
1685732371680 0.9320673942565918 2899
1685732388450 0.9473209977149963 2949
1685732397178 0.946567952632904 2999
1685732415553 0.9364185333251953 3049
1685732424133 0.9367867112159729 3099
1685732440848 0.9407429695129395 3149
1685732448785 0.9177942276000977 3199
1685732464340 0.9561766386032104 3249
1685732472331 0.9364420175552368 3299
