1685731595930 0.8862109375 99
1685731625688 0.9393359375 199
1685731650820 0.9476171875 299
1685731675708 0.951640625 399
1685731700719 0.9490625 499
1685731726175 0.955703125 599
1685731753478 0.95265625 699
1685731778997 0.955234375 799
1685731807110 0.956640625 899
1685731833806 0.957578125 999
1685731861412 0.957421875 1099
1685731887246 0.9578515625 1199
1685731913740 0.958359375 1299
1685731941170 0.95921875 1399
1685731967601 0.9589453125 1499
1685731993343 0.95765625 1599
1685732019055 0.959609375 1699
1685732056463 0.9603515625 1799
1685732087343 0.9586328125 1899
1685732116942 0.9589453125 1999
1685732144931 0.9581640625 2099
1685732176250 0.9588671875 2199
1685732213434 0.9610546875 2299
1685732243117 0.9605859375 2399
1685732272345 0.9621875 2499
1685732299334 0.962265625 2599
1685732328844 0.9609765625 2699
1685732354402 0.960390625 2799
1685732379853 0.9605078125 2899
1685732406753 0.9611328125 2999
1685732432255 0.961171875 3099
1685732456441 0.96140625 3199
1685732480842 0.962109375 3299
