1685731595930 1.0226984024047852 99
1685731625688 0.9669435620307922 199
1685731650820 0.9582386612892151 299
1685731675708 0.9542896747589111 399
1685731700719 0.956676721572876 499
1685731726175 0.9499642252922058 599
1685731753478 0.9526186585426331 699
1685731778997 0.9502873420715332 799
1685731807110 0.9488661885261536 899
1685731833806 0.9472347497940063 999
1685731861412 0.9477689266204834 1099
1685731887246 0.947279155254364 1199
1685731913740 0.946682870388031 1299
1685731941170 0.9456185102462769 1399
1685731967601 0.9462206363677979 1499
1685731993343 0.9473034143447876 1599
1685732019055 0.945665717124939 1699
1685732056463 0.9447990655899048 1799
1685732087343 0.9466601610183716 1899
1685732116942 0.9458876848220825 1999
1685732144931 0.946794331073761 2099
1685732176250 0.9461184144020081 2199
1685732213434 0.9439855217933655 2299
1685732243117 0.944511890411377 2399
1685732272345 0.9428619146347046 2499
1685732299334 0.9426623582839966 2599
1685732328844 0.9440600872039795 2699
1685732354402 0.9442383646965027 2799
1685732379853 0.9445419311523438 2899
1685732406753 0.9435096979141235 2999
1685732432255 0.9438390135765076 3099
1685732456441 0.943642795085907 3199
1685732480842 0.9427904486656189 3299
