1685731595930 0.4164601821494438 99
1685731625688 0.5324876943962977 199
1685731650820 0.5506938393525752 299
1685731675708 0.5607728553982219 399
1685731700719 0.5654021462611094 499
1685731726175 0.5659451659722018 599
1685731753478 0.5686845593984391 699
1685731778997 0.5696132831473265 799
1685731807110 0.5751985791954949 899
1685731833806 0.5759875081089911 999
1685731861412 0.57717469663517 1099
1685731887246 0.5789411952166807 1199
1685731913740 0.5785572800523591 1299
1685731941170 0.5791472399677969 1399
1685731967601 0.5789822606133257 1499
1685731993343 0.5819910561997325 1599
1685732019055 0.5807551239112695 1699
1685732056463 0.582867141037369 1799
1685732087343 0.5819414645300578 1899
1685732116942 0.5806329614681575 1999
1685732144931 0.5810748307560848 2099
1685732176250 0.5831595004966653 2199
1685732213434 0.585045544607749 2299
1685732243117 0.584549725157492 2399
1685732272345 0.5858828462806607 2499
1685732299334 0.5855032322432411 2599
1685732328844 0.5859118385607132 2699
1685732354402 0.5820647774002911 2799
1685732379853 0.5845590172380147 2899
1685732406753 0.5855324760962743 2999
1685732432255 0.5859678982025937 3099
1685732456441 0.5888357173990592 3199
1685732480842 0.5864918929840559 3299
