1685731595930 0.432803778920227 99
1685731625688 0.5424479592233907 199
1685731650820 0.5562751144394935 299
1685731675708 0.5627558991519374 399
1685731700719 0.5647711176294555 499
1685731726175 0.5679351613365673 599
1685731753478 0.5668656416285336 699
1685731778997 0.5697359096614231 799
1685731807110 0.5731653108355894 899
1685731833806 0.5723397778218963 999
1685731861412 0.5752136186008471 1099
1685731887246 0.5746394939331647 1199
1685731913740 0.574263525976938 1299
1685731941170 0.5743026978665615 1399
1685731967601 0.5758214273233061 1499
1685731993343 0.5750390958708471 1599
1685732019055 0.5780567910156698 1699
1685732056463 0.5780568568440453 1799
1685732087343 0.5782421518576325 1899
1685732116942 0.5748732757360382 1999
1685732144931 0.5751157140794461 2099
1685732176250 0.5782250153671687 2199
1685732213434 0.5793329250525274 2299
1685732243117 0.578989436628742 2399
1685732272345 0.5812917534096835 2499
1685732299334 0.5808378431161658 2599
1685732328844 0.5810114980766639 2699
1685732354402 0.5768151721002572 2799
1685732379853 0.5798296849397855 2899
1685732406753 0.578846247616654 2999
1685732432255 0.5797984460516068 3099
1685732456441 0.581741958361482 3199
1685732480842 0.580566874741878 3299
