1685731595930 0.5718656622221032 99
1685731625688 0.9235746428930921 199
1685731650820 0.9378478890251394 299
1685731675708 0.9419275429006548 399
1685731700719 0.9408045573708219 499
1685731726175 0.9505459583154873 599
1685731753478 0.9422231457260843 699
1685731778997 0.9502433639203499 799
1685731807110 0.9523747718018276 899
1685731833806 0.9482656844116883 999
1685731861412 0.955878960514739 1099
1685731887246 0.950966489051675 1199
1685731913740 0.9505101515319425 1299
1685731941170 0.9494188791073276 1399
1685731967601 0.9547213657450088 1499
1685731993343 0.9474011751146411 1599
1685732019055 0.9592322526280633 1699
1685732056463 0.9558961395602745 1799
1685732087343 0.9579323240375164 1899
1685732116942 0.9489005004314093 1999
1685732144931 0.9490928017998046 2099
1685732176250 0.9558347237419431 2199
1685732213434 0.9564505505064934 2299
1685732243117 0.9561210765621873 2399
1685732272345 0.9614526354877677 2499
1685732299334 0.9605862731509428 2599
1685732328844 0.9604738902660973 2699
1685732354402 0.952979077458512 2799
1685732379853 0.9588102778764317 2899
1685732406753 0.9539892576004769 2999
1685732432255 0.9564090381857967 3099
1685732456441 0.9582292292406707 3199
1685732480842 0.9581608972442597 3299
